Z A mass
0 1 939.5654204771442
1 1 938.7830734811442
1 2 1876.1239277292887
1 3 2809.432118151433
2 3 2809.4135261314327
3 3 2823.1493072514327
1 4 3750.5975386685773
2 4 3728.401325538577
3 4 3751.2995996685772
1 5 4690.362959085722
2 5 4668.701746085721
3 5 4669.149399085722
4 5 4694.609512085722
1 6 5630.840339502865
2 6 5606.5567095028655
3 6 5603.051494942865
4 6 5607.339648502865
5 6 5636.284614502865
1 7 6569.593716920011
2 7 6546.53184492001
3 7 6535.36582155001
4 7 6536.22771492001
5 7 6548.135269920011
2 8 7483.562502337154
3 8 7472.898624337155
4 8 7456.894491337154
5 8 7474.874388337154
6 8 7487.017088337155
2 9 8424.3827477543
3 9 8408.4018267543
4 9 8394.795372754299
5 9 8395.8634077543
6 9 8412.357892754299
2 10 9364.138171171444
3 10 9347.993652171443
4 10 9327.548511171442
5 10 9326.991635171444
6 10 9330.639697171444
7 10 9353.741051171442
3 11 10287.163385588587
4 11 10266.612295588588
5 11 10255.102834588588
6 11 10257.084523588586
7 11 10270.800770588587
8 11 10294.174039588586
3 12 11226.938806005732
4 12 11203.006990005731
5 12 11191.298627005732
6 12 11177.929229005731
7 12 11195.26729700573
8 12 11209.94256400573
3 13 12166.404226422876
4 13 12143.082411422874
5 13 12125.985279422875
6 13 12112.548340752875
7 13 12114.768812422875
8 13 12132.538763422875
9 13 12151.453331422876
4 14 13080.871935840021
5 14 13064.58111984002
6 14 13043.93732712002
7 14 13043.78085067002
8 14 13048.925214840021
9 14 13072.88183684002
4 15 14022.237357257165
5 15 14001.368915257164
6 15 13982.284681257164
7 15 13972.512974347164
8 15 13975.267158257164
9 15 13988.978288257165
10 15 14012.626910257164
4 16 14961.352777674309
5 16 14941.017337674308
6 16 14917.59977167431
7 16 14909.58954567431
8 16 14899.168636504308
9 16 14914.58082067431
10 16 14927.892413674308
5 17 15879.116063091453
6 17 15856.431621091453
7 17 15843.269820091453
8 17 15834.590976881453
9 17 15837.351442091453
10 17 15851.900193091453
11 17 15870.119321091453
5 18 16818.686483508598
6 18 16791.8131095086
7 18 16780.007010508598
8 18 16766.111027168598
9 18 16767.7669555086
10 18 16772.2114605086
11 18 16791.9318355086
5 19 17758.158196925742
6 19 17730.80169992574
7 19 17714.24420092574
8 19 17701.720803925742
9 19 17696.90050080574
10 19 17700.13999992574
11 19 17711.31732992574
12 19 17730.22633992574
5 20 18699.283617342888
6 20 18667.385615342886
7 20 18651.648546342887
8 20 18633.678220342885
9 20 18629.864585342886
10 20 18622.840116172887
11 20 18636.732537342887
12 20 18647.359742342887
5 21 19639.759037760028
6 21 19607.01915076003
7 21 19586.60806576003
8 21 19569.438184760027
9 21 19561.32854576003
10 21 19555.644374760028
11 21 19559.19129376003
12 21 19572.280001760028
13 21 19588.46615076003
6 22 20546.481456177175
7 22 20524.635058177173
8 22 20502.153285177174
9 22 20495.663629177176
10 22 20484.845537177174
11 22 20487.688862177176
12 22 20492.470267177174
13 22 20511.071253177175
14 22 20526.510253177174
6 23 21488.53535559432
7 23 21461.08478459432
8 23 21438.98572659432
9 23 21427.64961859432
10 23 21419.21031059432
11 23 21414.834502074318
12 23 21418.89068059432
13 23 21431.11242659432
14 23 21448.31435559432
7 24 22402.79645801146
8 24 22374.35886201146
9 24 22363.402974011464
10 24 22349.906816011462
11 24 22347.44055701146
12 24 22341.924880011462
13 24 22355.80964601146
14 24 22366.603644011462
15 24 22389.878458011462
7 25 23343.335560428608
8 25 23314.68159042861
9 25 23298.68672742861
10 25 23285.31705742861
11 25 23277.99474642861
12 25 23274.15977842861
13 25 23278.43658642861
14 25 23291.17988242861
15 25 23307.542560428607
8 26 24253.50770384575
9 26 24237.52131784575
10 26 24219.32777684575
11 26 24211.98588284575
12 26 24202.63211884575
13 26 24206.63652384575
14 26 24211.70565984575
15 26 24229.81966284575
16 26 24246.52666284575
8 27 25195.010765262894
9 27 25175.474243262895
10 27 25157.391675262897
11 27 25144.822974262897
12 27 25135.754171262895
13 27 25133.143901262894
14 27 25137.956260262894
15 27 25149.681733262896
16 27 25167.831765262898
8 28 26133.914867680043
9 28 26115.23866368004
10 28 26093.134605680043
11 28 26080.846552680043
12 28 26066.81492168004
13 28 26064.984148680043
14 28 26060.34207057004
15 28 26074.687011680042
16 28 26085.90807068004
17 28 26110.104867680042
9 29 27053.479160097184
10 29 27031.728773097184
11 29 27016.008964097182
12 29 27002.716610097184
13 29 26995.121208097185
14 29 26991.433888557185
15 29 26996.376121097182
16 29 27010.234547097185
17 29 27027.350970097184
18 29 27051.297970097185
9 30 27993.78307251433
10 30 27968.10319251433
11 30 27953.29774251433
12 30 27935.94169951433
13 30 27928.95895651433
14 30 27920.39011051433
15 30 27924.62221651433
16 30 27930.76381851433
17 30 27949.49762051433
18 30 27966.89407251433
9 31 28933.160174931472
10 31 28907.498768931473
11 31 28888.56320593147
12 31 28873.19502293147
13 31 28861.36646593147
14 31 28853.368137931473
15 31 28851.876630511473
16 31 28857.274643931472
17 31 28869.28262293147
18 31 28887.642174931472
19 31 28910.57717493147
10 32 29844.810277348617
11 32 29826.451429348617
12 32 29806.982376348617
13 32 29796.711909348618
14 32 29783.733588348616
15 32 29783.50640134862
16 32 29781.795740208618
17 32 29794.476571348616
18 32 29805.610925348617
19 32 29829.80127734862
10 33 30785.435379765764
11 33 30763.085492765764
12 33 30744.268252765763
13 33 30730.80799776576
14 33 30718.791051765762
15 33 30712.96802976576
16 33 30712.719521465762
17 33 30718.302039765764
18 33 30729.921084765763
19 33 30746.845379765764
20 33 30770.335379765762
10 34 31723.641482182906
11 34 31702.479596182904
12 34 31679.122806182906
13 34 31667.801863182904
14 34 31650.807798182905
15 34 31646.250780182905
16 34 31640.867793182904
17 34 31646.359396182906
18 34 31652.421189182904
19 34 31669.579482182904
20 34 31685.689482182905
11 35 32640.12458460005
12 35 32617.93337060005
13 35 32602.06985460005
14 35 32587.902104600053
15 35 32577.43577560005
16 35 32573.44737460005
17 35 32573.28005260005
18 35 32579.246295600053
19 35 32591.120691600052
20 35 32607.48358460005
21 35 32629.39358460005
11 36 33579.690687017195
12 36 33554.1678460172
13 36 33539.7380710172
14 36 33521.3515620172
15 36 33513.5366420172
16 36 33503.123546017196
17 36 33504.2656790172
18 36 33503.556145017195
19 36 33516.3705050172
20 36 33527.3365210172
21 36 33549.9376870172
11 37 34518.41578943434
12 37 34493.493267434336
13 37 34475.09135343434
14 37 34458.71027743434
15 37 34446.285777434336
16 37 34438.38536343434
17 37 34433.520237434335
18 37 34434.33411043434
19 37 34440.48158843434
20 37 34452.14571943434
21 37 34469.06178943434
22 37 34490.45178943434
11 38 35458.68089185148
12 38 35430.84989185148
13 38 35413.24589185148
14 38 35392.60559285148
15 38 35382.15432685148
16 38 35369.91467585148
17 38 35366.97777585148
18 38 35362.06106485148
19 38 35367.97513185148
20 38 35374.71738885148
21 38 35392.52689185148
22 38 35408.14589185148
11 39 36398.24699426863
12 39 36371.04499426863
13 39 36349.75999426863
14 39 36330.59034626863
15 39 36315.49535826863
16 39 36305.10732226863
17 39 36298.469776268634
18 39 36295.02779926863
19 39 36294.462798918634
20 39 36300.98728726863
21 39 36314.09726826863
22 39 36330.76999426863
23 39 36350.83999426863
12 40 37309.314096685775
13 40 37288.58409668577
14 40 37265.430972685775
15 40 37251.62490768577
16 40 37236.92624668577
17 40 37232.20627868577
18 40 37224.724196715775
19 40 37226.228599685775
20 40 37224.91769468577
21 40 37239.240743685776
22 40 37250.770657685774
23 40 37272.234096685774
12 41 38249.35819910291
13 41 38225.84819910291
14 41 38204.45819910291
15 41 38186.27843210292
16 41 38172.24961910291
17 41 38163.951007102914
18 41 38158.190689102914
19 41 38155.69865030291
20 41 38156.12029110292
21 41 38162.61583910292
22 41 38175.560660102914
23 41 38191.56819910291
24 41 38211.66819910292
13 42 39164.742301520055
14 42 39139.59230152005
15 42 39123.84414352006
16 42 39105.114553520056
17 42 39097.92053152006
18 42 39088.329623520054
19 42 39087.73027052006
20 42 39084.20500852005
21 42 39090.63129852006
22 42 39097.647948520054
23 42 39115.132301520054
24 42 39129.812301520054
13 43 40102.5164039372
14 43 40078.57640393721
15 43 40059.28640393721
16 43 40042.0509429372
17 43 40030.08689393721
18 43 40022.2365929372
19 43 40017.67100993721
20 43 40015.837530937206
21 43 40018.058253937204
22 43 40024.93081293721
23 43 40036.330045937204
24 43 40052.276403937205
25 43 40071.61640393721
14 44 41015.050506354346
15 44 40996.85050635435
16 44 40976.53627035435
17 44 40965.26153335435
18 44 40953.067246354345
19 44 40949.95900835435
20 44 40944.27177635435
21 44 40947.924471354345
22 44 40948.19192035435
23 44 40961.932427354346
24 44 40972.31860735435
25 44 40993.20050635435
14 45 41954.32460877149
15 45 41933.19460877149
16 45 41913.894608771494
17 45 41898.97206477149
18 45 41887.46380777149
19 45 41880.61896577149
20 45 41876.42237877149
21 45 41876.16228777149
22 45 41878.22434277149
23 45 41885.34816777149
24 45 41897.71980777149
25 45 41912.25460877149
26 45 41931.64260877149
15 46 42871.56871118864
16 46 42849.36871118864
17 46 42834.99376218864
18 46 42818.95745618864
19 46 42813.31478218864
20 46 42805.58910118864
21 46 42806.96706818864
22 46 42804.60044218864
23 46 42811.65281418864
24 46 42819.25714118864
25 46 42836.31096318864
26 46 42849.93871118864
15 47 43809.03281360578
16 47 43787.42281360578
17 47 43770.64281360578
18 47 43754.855539605785
19 47 43744.51083160578
20 47 43737.878148605785
21 47 43735.885971605785
22 47 43735.28520160578
23 47 43738.21574360578
24 47 43745.659720605785
25 47 43757.65643760578
26 47 43773.092813605785
27 47 43790.842813605785
16 48 44724.10691602292
17 48 44707.436916022925
18 48 44689.361989022924
19 48 44679.43243402292
20 48 44667.49204802293
21 48 44667.212833022924
22 48 44663.22396402292
23 48 44667.23891102293
24 48 44668.895603022924
25 48 44682.42027202292
26 48 44693.708341022924
27 48 44713.44691602293
28 48 44729.894916022924
16 49 45663.60201844008
17 49 45643.95101844007
18 49 45626.151018440076
19 49 45613.599522440076
20 49 45601.91101544008
21 49 45596.64857144008
22 49 45594.64700644007
23 49 45595.24886144007
24 49 45597.878666440076
25 49 45605.591093440074
26 49 45618.460288440074
27 49 45633.431018440075
28 49 45651.74101844007
17 50 46582.40512085721
18 50 46561.47512085721
19 50 46548.97726785722
20 50 46535.11589085722
21 50 46530.168000857215
22 50 46523.273253857216
23 50 46525.481880857216
24 50 46524.44375685722
25 50 46532.07823485722
26 50 46540.22866085722
27 50 46557.11571785722
28 50 46571.24512085722
17 51 47520.48922327436
18 51 47499.70922327436
19 51 47483.68376627436
20 51 47469.86691327436
21 51 47462.948870274355
22 51 47456.466258274355
23 51 47453.99611827436
24 51 47454.74850827436
25 51 47457.95599827436
26 51 47466.010038274355
27 51 47478.857077274355
28 51 47494.549223274356
17 52 48460.0533256915
18 52 48436.3133256915
19 52 48420.5556976915
20 52 48403.4270536915
21 52 48397.1697656915
22 52 48388.2156276915
23 52 48386.2502936915
24 52 48382.2738176915
25 52 48386.9819386915
26 52 48389.3612306915
27 52 48403.3493466915
28 52 48415.1334696915
29 52 48435.8133256915
18 53 49375.97842810865
19 53 49356.89170610865
20 53 49339.79972110865
21 53 49330.41787310865
22 53 49322.30599510865
23 53 49317.33575310865
24 53 49313.89981010865
25 53 49314.49707810865
26 53 49318.239945108646
27 53 49326.528052108646
28 53 49339.55660110865
29 53 49356.04742810865
18 54 50313.24153052579
19 54 50295.53153052579
20 54 50275.52094352579
21 54 50266.24359652579
22 54 50254.93771852579
23 54 50250.783263525795
24 54 50243.74615152579
25 54 50245.12328352579
26 54 50244.42691552579
27 54 50252.67146252579
28 54 50261.40321852579
29 54 50279.44153052579
30 54 50294.979530525794
19 55 51232.645632942935
20 55 51213.525257942936
21 55 51201.33352494294
22 55 51190.34316394293
23 55 51183.05049694293
24 55 51177.06530894293
25 55 51174.46309094293
26 55 51174.69421094294
27 55 51178.145636942936
28 55 51186.83967194294
29 55 51200.54022994293
30 55 51217.90563294294
19 56 52171.649735360086
20 56 52150.15934536008
21 56 52138.15388736008
22 56 52124.24674036008
23 56 52117.48633436008
24 56 52108.38460736008
25 56 52106.75806936008
26 56 52103.06257236008
27 56 52107.62921736008
28 56 52109.76208636008
29 56 52125.04000236008
30 56 52138.27973536008
31 56 52159.82973536009
19 57 53109.29383777722
20 57 53088.60383777723
21 57 53073.78418477722
22 57 53060.761989777224
23 57 53050.72877477723
24 57 53042.63885277723
25 57 53037.67755877723
26 57 53034.981820777226
27 57 53035.81817977723
28 57 53039.07987677723
29 57 53047.85482377723
30 57 53062.61383777722
31 57 53079.75383777722
19 58 54048.58794019437
20 58 54025.12794019437
21 58 54011.178371194364
22 58 53995.740272194365
23 58 53986.227356194366
24 58 53974.66613219437
25 58 53970.83037219437
26 58 53964.502669194364
27 58 53966.81064819437
28 58 53966.42906919437
29 58 53974.99008919437
30 58 53984.35906919437
31 58 54003.11794019437
32 58 54019.077940194366
19 59 54986.90204261152
20 59 54963.962042611514
21 59 54947.322492611514
22 59 54932.27204261152
23 59 54920.54142561152
24 59 54910.03611161152
25 59 54902.62671461151
26 59 54897.487085611516
27 59 54895.92220461152
28 59 54896.995209611516
29 59 54901.793588611516
30 59 54910.936364611516
31 59 54924.392042611515
32 59 54941.782042611514
20 60 55900.64614502866
21 60 55885.096145028656
22 60 55867.54644702866
23 60 55856.55874302866
24 60 55842.73764502866
25 60 55836.67819902866
26 60 55828.23297102866
27 60 55827.99570802866
28 60 55825.17290202866
29 60 55831.300883028656
30 60 55835.47167502866
31 60 55850.05614502866
32 60 55862.11614502866
33 60 55884.00614502866
20 61 56840.1502474458
21 61 56821.6402474458
22 61 56804.7702474458
23 61 56790.9631264458
24 61 56778.6437454458
25 61 56769.3981174458
26 61 56762.2197444458
27 61 56758.2420684458
28 61 56756.918218445804
29 61 56759.1561844458
30 61 56764.7913414458
31 61 56774.005585445804
32 61 56787.3502474458
33 61 56803.940247445804
21 62 57759.94434986294
22 62 57740.434349862946
23 62 57727.42118586294
24 62 57711.78173886294
25 62 57704.11038486294
26 62 57693.75629286294
27 62 57691.20995086294
28 62 57685.88790986294
29 62 57689.846806862945
30 62 57691.466261862945
31 62 57700.64732786294
32 62 57710.49434986294
33 62 57728.214349862945
21 63 58697.19845228009
22 63 58678.26845228009
23 63 58662.38831128009
24 63 58647.95015328009
25 63 58637.24139128009
26 63 58628.492823280096
27 63 58622.27689928009
28 63 58618.615561280094
29 63 58618.54858428009
30 63 58621.91502328009
31 63 58627.58135228009
32 63 58637.207231280096
33 63 58650.62845228009
34 63 58667.278452280094
22 64 59614.14255469723
23 64 59599.302554697235
24 64 59581.982576697235
25 64 59572.633514697234
26 64 59560.65300269723
27 64 59555.83011269724
28 64 59548.523520697236
29 64 59550.19813669723
30 64 59549.618536697235
31 64 59556.789727697236
32 64 59561.30705169724
33 64 59576.090554697235
34 64 59588.762554697234
22 65 60552.326657114376
23 65 60535.006657114376
24 65 60518.80665711438
25 65 60506.14931311438
26 65 60495.89875511438
27 65 60487.931452114375
28 65 60481.99086111438
29 65 60479.852980114374
30 65 60481.20463311438
31 65 60484.45917111438
32 65 60490.63843411438
33 65 60500.179601114374
34 65 60514.09665711438
35 65 60530.62665711438
23 66 61472.31075953152
24 66 61453.47075953153
25 66 61441.860367531524
26 66 61428.54291253153
27 66 61422.20221853153
28 66 61412.60446653153
29 66 61412.35247053153
30 66 61409.711530531524
31 66 61414.88703053153
32 66 61417.00371853152
33 66 61426.585675531525
34 66 61436.95075953152
35 66 61455.04075953153
23 67 62408.36086194867
24 67 62390.83486194867
25 67 62376.52486194867
26 67 62364.39644594867
27 67 62354.78307894867
28 67 62346.36217394867
29 67 62342.78530894867
30 67 62342.22448594867
31 67 62343.225705948666
32 67 62347.43114394867
33 67 62353.51762994867
34 67 62363.52456794867
35 67 62377.57486194867
36 67 62394.552861948665
24 68 63325.90896436581
25 68 63312.67896436581
26 68 63297.70196436581
27 68 63289.95637336581
28 68 63278.13514236581
29 68 63276.03192136581
30 68 63271.59181036581
31 68 63274.51291036581
32 68 63274.62016536581
33 68 63282.704437365814
34 68 63287.40951536581
35 68 63302.80796436581
36 68 63315.972964365814
24 69 64263.463066782955
25 69 64247.73306678295
26 69 64233.89406678295
27 69 64222.70761978295
28 69 64213.11441078295
29 69 64207.35684578295
30 69 64204.67516078295
31 69 64203.765246782954
32 69 64205.99239278295
33 69 64209.980885782956
34 69 64216.65835278295
35 69 64226.83358878295
36 69 64240.95306678295
24 70 65198.9471692001
25 70 65184.137169200105
26 70 65167.6971692001
27 70 65158.0622062001
28 70 65145.3733012001
29 70 65141.6107882001
30 70 65135.022421200105
31 70 65135.6770192001
32 70 65134.0251332001
33 70 65140.2531962001
34 70 65142.6572692001
35 70 65153.161542200105
36 70 65163.4871692001
25 71 66119.46127161726
26 71 66104.15127161726
27 71 66091.71134161725
28 71 66080.67503561726
29 71 66073.37013761725
30 71 66068.75248561725
31 71 66065.94214461725
32 71 66066.17461461725
33 71 66068.18801461725
34 71 66072.93475661725
35 71 66079.57884561724
36 71 66089.75406061726
37 71 66103.79127161726
25 72 67056.4053740344
26 72 67038.3253740344
27 72 67027.27537403439
28 72 67013.34930603439
29 72 67007.7923680344
30 72 66999.42987903439
31 72 66998.9870900344
32 72 66994.9894640344
33 72 66999.34556603439
34 72 66999.7071850344
35 72 67008.5136240344
36 72 67013.6347920344
37 72 67029.24537403439
25 73 67992.36947645154
26 73 67975.07947645153
27 73 67961.09947645153
28 73 67948.96131745154
29 73 67940.08203145153
30 73 67933.47606545154
31 73 67929.37013345154
32 73 67927.77194445154
33 73 67928.11671945153
34 73 67930.84208045153
35 73 67935.42368945153
36 73 67942.51771845153
37 73 67953.05786545154
38 73 67967.11947645154
26 74 68909.90357886867
27 74 68897.02357886868
28 74 68881.86357886868
29 74 68874.55736586868
30 74 68864.80685886867
31 74 68862.51395286867
32 74 68857.14112786867
33 74 68859.70351486868
34 74 68858.35036886868
35 74 68865.27541786867
36 74 68868.23173486868
37 74 68878.64756286867
38 74 68889.73657886867
26 75 69847.35768128582
27 75 69831.49768128582
28 75 69817.81768128581
29 75 69807.58746228582
30 75 69799.49876528583
31 75 69793.59704228582
32 75 69790.20070828582
33 75 69789.02347828582
34 75 69789.88819228581
35 75 69792.95066128582
36 75 69797.73404928582
37 75 69804.83897928582
38 75 69815.43897928581
39 75 69830.23768128581
26 76 70782.96178370297
27 76 70767.89178370296
28 76 70751.36178370296
29 76 70742.57015670296
30 76 70731.24875970297
31 76 70727.25513570296
32 76 70720.33888570296
33 76 70721.26039970297
34 76 70718.29982470296
35 76 70723.26270570296
36 76 70724.53807770296
37 76 70733.07269470296
38 76 70739.30413870297
39 76 70755.30178370296
27 77 71703.1358861201
28 77 71687.6958861201
29 77 71676.1830581201
30 77 71666.25668312011
31 77 71659.0535341201
32 77 71653.8330161201
33 77 71651.12955212011
34 77 71650.4463891201
35 77 71651.8110681201
36 77 71654.87643512011
37 77 71660.21538612011
38 77 71667.2424431201
39 77 71678.6068861201
40 77 71693.4458861201
27 78 72641.21998853725
28 78 72621.65998853726
29 78 72611.75051453726
30 78 72599.05674653726
31 78 72592.83590353726
32 78 72584.67793053726
33 78 72583.72301853726
34 78 72579.51403653726
35 78 72583.08782053726
36 78 72582.36170553726
37 78 72589.60456153726
38 78 72593.36603953726
39 78 72604.36698853727
40 78 72615.68998853725
28 79 73559.8740909544
29 79 73545.6260519544
30 79 73534.6017889544
31 79 73525.4857359544
32 79 73518.5069109544
33 79 73514.3980099544
34 79 73512.1166249544
35 79 73511.9660239544
36 79 73513.5918009544
37 79 73517.2313129544
38 79 73522.5544269544
39 79 73530.2311559544
40 79 73541.2640909544
41 79 73556.38409095441
28 80 74496.28819337154
29 80 74482.84919337154
30 80 74467.87957437155
31 80 74460.30451837154
32 80 74449.99287937155
33 80 74447.31359237155
34 80 74441.76870637154
35 80 74443.63916837155
36 80 74441.63473837155
37 80 74447.35271737154
38 80 74449.21672637154
39 80 74458.38003137155
40 80 74464.76819337155
41 80 74481.10819337155
28 81 75434.93229578869
29 81 75419.11229578868
30 81 75404.8226267887
31 81 75393.39433378869
32 81 75384.73060078868
33 81 75378.48898178869
34 81 75374.63327678869
35 81 75373.0452447887
36 81 75373.32609678869
37 81 75375.56559178869
38 81 75379.4941617887
39 81 75385.30937678869
40 81 75393.49787778869
41 81 75404.66229578869
42 81 75419.56229578868
28 82 76371.79639820583
29 82 76356.78639820583
30 82 76340.20243820583
31 82 76329.58567320583
32 82 76317.10132320583
33 82 76312.41097120583
34 82 76304.92250320583
35 82 76305.01772120583
36 82 76301.92460311583
37 82 76306.32858520583
38 82 76306.50633620583
39 82 76314.45230120583
40 82 76318.90233520583
41 82 76330.70639820583
42 82 76342.14639820583
29 83 77293.62050062297
30 83 77277.72050062298
31 83 77264.75337162297
32 83 77253.03405862297
33 83 77244.34116962297
34 83 77238.66995762297
35 83 77234.99677962298
36 83 77234.01985762297
37 83 77234.93986162297
38 83 77237.21288462298
39 83 77241.80482862298
40 83 77248.09884162297
41 83 77256.39759062298
42 83 77267.67050062297
43 83 77282.69050062296
29 84 78231.78460304011
30 84 78213.67460304011
31 84 78201.41046704011
32 84 78187.35616804012
33 84 78179.65103504011
34 84 78169.55687204012
35 84 78167.72150904012
36 84 78163.06525777011
37 84 78165.74562804011
38 84 78164.85502304012
39 84 78171.61016404012
40 84 78174.08291104011
41 84 78184.31076104012
42 84 78191.33460304012
43 84 78207.80460304012
30 85 79151.89870545726
31 85 79137.25464645727
32 85 79123.87527845727
33 85 79113.80955345726
34 85 79104.58506045728
35 85 79098.42322745727
36 85 79095.51836445727
37 85 79094.83136480727
38 85 79095.89541545727
39 85 79099.15657445727
40 85 79103.82350945727
41 85 79110.71902145728
42 85 79119.48894545727
43 85 79131.14870545726
44 85 79146.36870545727
30 86 80088.4308078744
31 86 80074.73280787442
32 86 80059.0928808744
33 86 80049.5306578744
34 86 80037.9896328744
35 86 80032.8605468744
36 86 80025.22713194441
37 86 80025.74580487442
38 86 80023.96970810441
39 86 80029.20970787441
40 86 80030.52378487441
41 86 80039.35874687441
42 86 80044.38188087441
43 86 80056.9228078744
44 86 80068.72280787441
31 87 81011.11691029156
32 87 80996.39691029156
33 87 80984.36899629155
34 87 80973.56077729155
35 87 80966.09522529156
36 87 80959.27737929155
37 87 80955.38910829155
38 87 80955.10683386156
39 87 80956.96852329155
40 87 80960.63976329156
41 87 80966.11241729156
42 87 80973.10209329156
43 87 80982.29685829155
44 87 80994.25691029156
31 88 81949.0910127087
32 88 81931.96101270869
33 88 81921.0310127087
34 88 81907.5968097087
35 88 81900.7650457087
36 88 81891.7897177087
37 88 81888.8720087087
38 88 81883.5593839487
39 88 81887.1819837087
40 88 81887.8521387087
41 88 81895.3094577087
42 88 81898.79445970869
43 88 81909.81071170869
44 88 81917.1410127087
45 88 81934.6210127087
32 89 82869.93511512585
33 89 82856.44511512584
34 89 82843.98271712584
35 89 82834.70084412584
36 89 82826.43932012584
37 89 82821.26271612584
38 89 82816.76608912584
39 89 82815.26391312583
40 89 82818.09714112584
41 89 82822.34936012584
42 89 82827.96017112584
43 89 82835.58025812583
44 89 82844.60569112583
45 89 82857.32411512584
32 90 83805.99921754298
33 90 83793.47921754298
34 90 83778.66899454298
35 90 83770.46891154298
36 90 83759.50995854299
37 90 83755.10364454298
38 90 83748.51827254298
39 90 83747.97230554298
40 90 83745.69667054298
41 90 83751.80768654298
42 90 83754.29670354298
43 90 83763.74452154298
44 90 83769.58541654298
45 90 83782.83521754298
46 90 83794.75921754297
33 91 84729.46331996014
34 91 84715.38318996014
35 91 84704.85601896014
36 91 84694.98934596014
37 91 84688.21827096013
38 91 84682.31136996014
39 91 84679.61199896014
40 91 84678.06772796014
41 91 84679.32529196014
42 91 84683.75448596013
43 91 84689.97666296014
44 91 84697.72348696014
45 91 84707.39331996013
46 91 84719.79331996014
33 92 85667.07742237728
34 92 85650.73342237728
35 92 85641.22461037728
36 92 85628.68809337728
37 92 85622.68497237728
38 92 85614.59005137728
39 92 85612.64092837728
40 92 85608.99839837728
41 92 85611.00413237727
42 92 85610.64883537727
43 92 85618.53171937728
44 92 85623.15621137728
45 92 85634.45832737727
46 92 85642.67832737727
47 92 85659.92742237728
34 93 86588.09152479442
35 93 86576.06128979442
36 93 86564.81552279442
37 93 86556.33162479442
38 93 86548.86568079442
39 93 86544.72436979442
40 93 86541.82949679442
41 93 86541.73868479443
42 93 86542.14444579442
43 93 86545.34540879443
44 93 86551.73480179442
45 93 86559.93971479443
46 93 86569.96971479442
47 93 86582.55152479443
34 94 87523.64262721156
35 94 87512.79562721157
36 94 87499.09784721157
37 94 87491.88283621156
38 94 87481.59990621156
39 94 87478.09415421156
40 94 87473.17629521157
41 94 87474.07656421156
42 94 87472.03154821157
43 94 87476.28729521156
44 94 87477.86202521157
45 94 87487.53800421156
46 94 87494.34334621156
47 94 87508.04362721156
48 94 87520.00562721156
34 95 88461.4797296287
35 95 88448.0897296287
36 95 88435.7808096287
37 95 88426.04942262871
38 95 88416.8224456287
39 95 88410.7317926287
40 95 88406.27978962871
41 95 88405.15345762871
42 95 88404.2278576287
43 95 88405.9183746287
44 95 88408.48197062871
45 95 88413.5991136287
46 95 88421.97381662871
47 95 88432.0337296287
48 95 88444.88372962871
35 96 89385.22383204584
36 96 89370.35215004584
37 96 89362.07948104585
38 96 89350.51558404585
39 96 89345.10384604585
40 96 89337.99497204585
41 96 89337.83100204584
42 96 89334.63894304585
43 96 89337.61218404585
44 96 89337.35344704585
45 96 89343.74610004584
46 96 89347.25041204585
47 96 89358.92218704584
48 96 89367.86183204585
49 96 89385.34383204585
35 97 90320.92793446299
36 97 90307.504435463
37 97 90296.40878946299
38 97 90286.347260463
39 97 90278.81247946298
40 97 90271.991241463
41 97 90269.32513746299
42 97 90267.38323446299
43 97 90267.70349846299
44 97 90268.807370463
45 97 90272.330370463
46 97 90277.12208246299
47 97 90284.023907463
48 97 90294.19390746299
49 97 90307.53793446299
35 98 91258.37203688014
36 98 91242.30203688015
37 98 91232.05288488015
38 98 91219.99964788015
39 98 91214.13328888014
40 98 91205.14027988014
41 98 91202.89742488015
42 98 91198.30605688014
43 98 91199.98982288015
44 98 91198.19716588015
45 98 91203.24681788015
46 98 91205.10105188015
47 98 91213.35561188015
48 98 91218.78561188014
49 98 91232.51603688014
36 99 92179.5161392973
37 99 92166.79498929728
38 99 92155.3976122973
39 99 92147.2724092973
40 99 92140.29946929729
41 99 92135.58079529728
42 99 92131.9460332973
43 99 92130.58827029729
44 99 92130.29075429728
45 99 92132.33161729728
46 99 92135.7332782973
47 99 92141.2036562973
48 99 92147.98500729729
49 99 92156.54013929729
50 99 92169.9401392973
36 100 93114.94024171443
37 100 93103.14435771444
38 100 93089.59273671443
39 100 93082.08900071443
40 100 93073.03750571443
41 100 93069.61899571444
42 100 93063.21721271443
43 100 93063.38929071443
44 100 93060.18285071444
45 100 93063.81911171443
46 100 93064.19756971444
47 100 93071.27227271443
48 100 93075.21564671444
49 100 93085.23209571443
50 100 93092.26209571442
36 101 94052.32434413157
37 101 94038.33692713158
38 101 94025.57943013158
39 101 94015.84955713157
40 101 94007.74335713158
41 101 94002.01285613158
42 101 93997.38439213157
43 101 93994.55975113157
44 101 93992.94623113157
45 101 93993.49191613158
46 101 93995.47219913157
47 101 93999.56996013157
48 101 94005.06787813158
49 101 94012.35944313157
50 101 94020.59872013157
37 102 94975.14613454872
38 102 94960.23913554872
39 102 94951.22580554872
40 102 94940.81701954872
41 102 94936.10018154871
42 102 94928.83758054872
43 102 94927.82552554872
44 102 94923.29201154872
45 102 94925.61513054871
46 102 94924.49548354872
47 102 94930.15174454871
48 102 94932.73874454871
49 102 94941.70355054871
50 102 94947.46355054871
51 102 94961.29844654871
37 103 95910.73254896585
38 103 95896.61254896586
39 103 95885.43551496585
40 103 95876.08355596586
41 103 95868.86388196585
42 103 95862.93821796586
43 103 95859.28862896586
44 103 95856.62538096585
45 103 95855.86084396586
46 103 95856.43556896586
47 103 95859.08984696586
48 103 95863.24092296585
49 103 95869.26015196586
50 103 95876.80054896585
51 103 95887.22254896586
37 104 96847.936651383
38 104 96831.626651383
39 104 96821.306651383
40 104 96809.668991383
41 104 96803.575654383
42 104 96795.042903383
43 104 96792.887682383
44 104 96787.290888383
45 104 96788.427307383
46 104 96785.991528383
47 104 96790.270181383
48 104 96791.418260383
49 104 96799.203976383
50 104 96803.759594383
51 104 96816.091651383
52 104 96825.759820383
38 105 97768.69075380015
39 105 97756.31075380015
40 105 97745.42247980015
41 105 97736.96520680016
42 105 97729.54996580015
43 105 97724.59445080016
44 105 97720.94621080016
45 105 97719.02948380016
46 105 97718.46284880016
47 105 97719.80990580015
48 105 97722.54690480015
49 105 97727.24017180016
50 105 97733.54275280016
51 105 97742.86526280016
52 105 97754.06924480015
38 106 98704.0748562173
39 106 98692.5848562173
40 106 98679.6258562173
41 106 98672.1721782173
42 106 98662.2468532173
43 106 98658.5986032173
44 106 98652.0516032173
45 106 98652.0122002173
46 106 98648.4673132173
47 106 98651.43245721729
48 106 98651.2427032173
49 106 98657.7667062173
50 106 98661.02115821729
51 106 98671.9015552173
52 106 98680.1550972173
53 106 98695.0748562173
38 107 99641.61895863444
39 107 99627.89895863444
40 107 99615.84895863444
41 107 99606.14515363444
42 107 99597.32398363444
43 107 99591.11899163444
44 107 99586.00639363444
45 107 99583.00524763444
46 107 99581.49630463443
47 107 99581.46225863443
48 107 99582.87863363443
49 107 99586.30229163443
50 107 99591.35671963444
51 107 99599.21571063444
52 107 99609.21195863443
53 107 99620.43895863445
39 108 100564.58306105158
40 108 100550.41306105159
41 108 100541.81786305158
42 108 100530.61376405158
43 108 100525.44023005158
44 108 100517.70165705158
45 108 100516.33190505159
46 108 100511.83884605159
47 108 100513.75626905158
48 108 100512.11063805158
49 108 100517.24323305159
50 108 100519.29311205159
51 108 100528.91772005158
52 108 100535.58138505158
53 108 100548.59206105159
54 108 100558.73070405159
39 109 101500.37716346873
40 109 101487.12716346873
41 109 101476.16736346873
42 109 101466.19787846872
43 109 101458.57433546873
44 109 101452.11870846873
45 109 101447.85791246872
46 109 101445.25067946872
47 109 101444.13773246872
48 109 101444.35283346873
49 109 101446.36763746872
50 109 101450.22698346873
51 109 101456.60617746873
52 109 101465.14176446873
53 109 101475.18465846873
54 109 101486.68761746872
40 110 102422.13126588587
41 110 102412.04135188587
42 110 102399.81545188586
43 110 102393.31670188587
44 110 102384.27863688587
45 110 102381.52257288586
46 110 102376.02036188586
47 110 102376.89395988587
48 110 102374.00329688587
49 110 102377.88129688587
50 110 102378.50927288587
51 110 102386.90152088586
52 110 102392.12144488587
53 110 102403.88342188587
54 110 102412.42862988586
40 111 103359.36536830301
41 111 103346.885368303
42 111 103335.905555303
43 111 103326.82069330302
44 111 103319.060043303
45 111 103313.54149730301
46 111 103309.85948230301
47 111 103307.62992130301
48 111 103306.59312130301
49 111 103307.45331830301
50 111 103309.90678730301
51 111 103315.00862130302
52 111 103322.25788130301
53 111 103330.89157330302
54 111 103341.325368303
55 111 103352.94536830302
40 112 104294.91947072017
41 112 104283.26947072016
42 112 104269.85947072017
43 112 104262.08053872017
44 112 104251.70859772016
45 112 104247.60841872016
46 112 104241.01843172016
47 112 104240.75574172016
48 112 104236.76461372017
49 112 104239.34934372017
50 112 104238.68442172017
51 112 104245.74049772017
52 112 104249.77195272017
53 112 104260.27613172017
54 112 104267.31312272017
55 112 104280.92447072017
40 113 105232.49357313731
41 113 105218.6235731373
42 113 105206.18357313731
43 113 105196.0220241373
44 113 105186.96575713731
45 113 105180.0666291373
46 113 105175.2430731373
47 113 105171.80674813731
48 113 105169.79028713731
49 113 105169.4664501373
50 113 105170.5054441373
51 113 105174.4166071373
52 113 105180.48653613731
53 113 105187.71405613731
54 113 105196.6299471373
55 113 105207.06903413731
56 113 105219.1235731373
41 114 106155.36767555444
42 114 106140.64767555446
43 114 106131.72738155445
44 114 106120.10646255445
45 114 106114.61740055445
46 114 106106.83732955444
47 114 106105.39686455445
48 114 106100.31274155444
49 114 106101.75786855444
50 114 106099.76794055445
51 114 106105.83105955445
52 114 106108.43799955444
53 114 106117.68874055445
54 114 106123.24177655445
55 114 106135.64174755444
56 114 106144.42223855446
41 115 107090.94177797159
42 115 107077.27177797159
43 115 107066.02577797159
44 115 107055.7164819716
45 115 107047.5925499716
46 115 107041.39595597159
47 115 107036.83919097159
48 115 107033.73729797159
49 115 107032.28542097159
50 115 107031.78793197159
51 115 107034.81836597159
52 115 107039.7590109716
53 115 107045.48397297159
54 115 107053.16502097159
55 115 107062.1227779716
56 115 107072.9017779716
41 116 108028.08588038874
42 116 108012.10588038873
43 116 108002.10188038873
44 116 107989.24696338874
45 116 107982.58013838873
46 116 107973.48485438873
47 116 107970.77321638874
48 116 107964.60339138874
49 116 107965.06612238873
50 116 107961.78990138874
51 116 107966.49386038873
52 116 107968.05208738873
53 116 107975.89522638873
54 116 107980.26900338873
55 116 107991.27288038873
56 116 107998.93588038873
57 116 108013.26588038873
42 117 108949.12098280588
43 117 108936.66998280588
44 117 108925.32011180588
45 117 108915.91322480587
46 117 108908.38609280587
47 117 108902.62806480587
48 117 108898.39158580588
49 117 108895.86694780587
50 117 108894.41224080588
51 117 108896.17041880588
52 117 108899.71448280588
53 117 108904.37141480588
54 117 108910.62463580587
55 117 108918.31688180588
56 117 108927.35207680588
57 117 108938.53898280588
42 118 109883.93408522304
43 118 109873.01408522304
44 118 109859.30408522303
45 118 109851.41724522303
46 118 109840.91572722304
47 118 109836.75028322304
48 118 109829.60243622304
49 118 109829.07590822304
50 118 109824.65124222303
51 118 109828.30788122304
52 118 109828.61332722304
53 118 109835.33302922304
54 118 109838.22501822303
55 118 109847.89470822303
56 118 109854.10408522304
57 118 109866.68408522304
42 119 110821.21818764017
43 119 110807.62818764018
44 119 110795.71818764017
45 119 110784.97538564018
46 119 110776.39091064017
47 119 110769.15242864017
48 119 110763.82124864018
49 119 110760.09952964018
50 119 110757.73320264017
51 119 110758.32264864017
52 119 110760.61564864017
53 119 110764.02045664018
54 119 110769.00369964018
55 119 110775.49312664017
56 119 110783.20809164018
57 119 110792.77818764017
58 119 110803.97818764017
43 120 111744.29229005732
44 120 111729.57229005732
45 120 111720.67229005732
46 120 111709.01268605732
47 120 111703.64077805732
48 120 111695.33492505732
49 120 111693.56454905732
50 120 111688.19454905731
51 120 111690.87515705732
52 120 111689.93013005731
53 120 111695.54513005732
54 120 111697.11985605732
55 120 111705.40364105732
56 120 111710.40364105732
57 120 111721.72229005731
58 120 111729.56229005732
43 121 112679.24639247447
44 121 112666.16639247446
45 121 112654.53625847446
46 121 112644.60405547445
47 121 112636.38356147446
48 121 112629.71255547446
49 121 112624.95179947445
50 121 112621.58976647446
51 121 112621.18723547446
52 121 112622.24328147445
53 121 112624.54074347446
54 121 112628.30539547445
55 121 112633.68405047446
56 121 112640.04154547447
57 121 112648.59639247446
58 121 112658.09639247446
59 121 112669.23539247445
43 122 113615.97549489161
44 122 113600.5004948916
45 122 113590.4004948916
46 122 113577.6643258916
47 122 113571.1743768916
48 122 113561.66811089161
49 122 113558.7091338916
50 122 113552.34054189161
51 122 113553.9462898916
52 122 113551.9672128916
53 122 113556.2012128916
54 122 113556.9255068916
55 122 113564.1357258916
56 122 113567.6715428916
57 122 113577.7374948916
58 122 113584.4064948916
59 122 113597.5004948916
44 123 114537.22459730874
45 123 114524.58459730874
46 123 114513.34484930875
47 123 114504.20601630874
48 123 114496.36041430874
49 123 114490.34556330874
50 123 114485.95991430874
51 123 114484.55170730874
52 123 114484.60361930875
53 123 114485.83200930874
54 123 114488.52633930874
55 123 114492.73094030874
56 123 114498.11963430875
57 123 114505.12359730875
58 123 114513.48859730875
59 123 114523.54459730875
44 124 115471.67869972589
45 124 115460.55869972588
46 124 115446.86869972589
47 124 115439.03874872588
48 124 115428.56926372589
49 124 115424.40092172589
50 124 115417.0372247259
51 124 115417.6496307259
52 124 115414.74455772589
53 124 115417.9041447259
54 124 115417.60129472589
55 124 115423.52763972589
56 124 115426.17891372589
57 124 115435.01008272589
58 124 115440.35269972589
59 124 115452.11769972589
60 124 115460.43869972588
44 125 116408.39280214305
45 125 116394.93280214304
46 125 116382.80280214304
47 125 116372.24286314304
48 125 116363.41471214304
49 125 116356.35049414304
50 125 116350.86914514305
51 125 116348.50770814305
52 125 116347.74100814304
53 125 116347.92677814304
54 125 116349.56344114304
55 125 116352.67306014305
56 125 116357.09382614304
57 125 116363.00331014305
58 125 116370.10480214305
59 125 116378.69280214304
60 125 116388.69280214304
45 126 117331.05690456019
46 126 117316.46690456019
47 126 117307.53690456018
48 126 117296.00117756019
49 126 117290.44752756019
50 126 117282.24176956019
51 126 117281.86376956018
52 126 117278.19273656019
53 126 117280.34640856019
54 126 117279.11051769019
55 126 117283.90622156019
56 126 117285.58699156018
57 126 117293.28342856019
58 126 117297.43633956018
59 126 117307.93290456019
60 126 117314.87690456018
61 126 117328.50690456018
45 127 118266.02100697733
46 127 118252.53100697733
47 127 118241.10100697733
48 127 118231.00980797733
49 127 118222.87110997732
50 127 118216.28142897732
51 127 118213.05271297733
52 127 118211.47050997733
53 127 118210.76778997733
54 127 118211.43012397733
55 127 118213.51097997732
56 127 118216.93305197732
57 127 118221.85489097732
58 127 118227.77166297732
59 127 118235.20800697732
60 127 118243.84100697732
61 127 118254.44100697733
45 128 119203.90510939447
46 128 119186.85510939447
47 128 119176.53510939446
48 128 119164.00686439447
49 128 119157.05499239446
50 128 119147.88367939446
51 128 119146.61525739447
52 128 119142.25131539447
53 128 119143.50707939448
54 128 119141.38457512447
55 128 119145.31333639447
56 128 119145.87595339447
57 128 119152.61967039447
58 128 119155.71118439447
59 128 119164.91434539447
60 128 119170.71510939447
61 128 119183.02510939447
62 128 119192.09510939448
46 129 120124.8592118116
47 129 120110.86921181162
48 129 120099.61706981162
49 129 120089.9043228116
50 129 120082.14861481161
51 129 120078.10982781161
52 129 120075.73432781162
53 129 120074.23203581161
54 129 120074.04314206161
55 129 120075.24016181161
56 129 120077.67834581161
57 129 120081.4156708116
58 129 120086.4517078116
59 129 120092.96564581161
60 129 120100.36421181161
61 129 120109.55921181162
62 129 120120.40921181161
46 130 121061.50331422876
47 130 121048.33531422875
48 130 121033.11571722875
49 130 121024.32678422876
50 130 121014.10109722875
51 130 121011.94762722876
52 130 121006.88035422875
53 130 121007.29712622875
54 130 121004.35284022875
55 130 121007.33356022876
56 130 121006.97653822876
57 130 121012.60594022875
58 130 121014.81040122875
59 130 121023.05785022875
60 130 121027.63707522875
61 130 121038.76331422875
62 130 121046.53331422876
63 130 121060.72031422875
46 131 121999.98741664589
47 131 121984.9774166459
48 131 121970.51565664589
49 131 121957.70304764589
50 131 121948.4628376459
51 131 121943.7460046459
52 131 121940.51639464589
53 131 121938.2846896459
54 131 121937.31384172589
55 131 121937.6718426459
56 131 121939.04845864589
57 131 121941.9581516459
58 131 121946.01896864589
59 131 121951.4267526459
60 131 121957.9593766459
61 131 121965.95741664589
62 131 121975.4474166459
63 131 121986.26341664589
47 132 122922.82151906306
48 132 122906.75609006305
49 132 122894.80996506305
50 132 122880.67496506305
51 132 122877.58623706305
52 132 122872.03332206306
53 132 122871.51801706305
54 132 122867.94254455305
55 132 122870.06882606306
56 132 122868.78661606305
57 132 122873.49794106305
58 132 122874.75283106306
59 132 122881.99405506306
60 132 122885.79570406306
61 132 122895.59351906306
62 132 122902.08151906305
63 132 122915.02151906306
47 133 123859.63562148019
48 133 123844.5756214802
49 133 123831.02562148019
50 133 123817.84173148019
51 133 123809.7921084802
52 133 123805.7784884802
53 133 123802.85831948019
54 133 123801.0720384802
55 133 123800.6446784802
56 133 123801.1621094802
57 133 123803.2212294802
58 133 123806.2973984802
59 133 123810.7780304802
60 133 123816.38324148019
61 133 123823.30796848019
62 133 123831.4846214802
63 133 123841.47962148019
64 133 123852.6556214802
48 134 124780.74972389733
49 134 124768.23972389734
50 134 124753.77596489733
51 134 124746.19071989733
52 134 124737.67597189733
53 134 124736.16628389734
54 134 124732.08388946734
55 134 124733.31855889734
56 134 124731.25972189734
57 134 124734.99106489733
58 134 124735.37682589734
59 134 124741.68172389733
60 134 124744.56328089733
61 134 124753.44581589734
62 134 124758.83372389733
63 134 124770.40972389733
64 134 124778.67972389734
48 135 125718.88382631447
49 135 125704.59382631448
50 135 125691.07157431448
51 135 125682.01349431448
52 135 125673.97503631448
53 135 125667.92464631448
54 135 125665.29046131448
55 135 125664.12187031448
56 135 125663.85317131448
57 135 125665.06036831447
58 135 125667.08751831448
59 135 125670.76795431448
60 135 125675.49020631448
61 135 125681.64149731449
62 135 125688.84660431447
63 135 125697.55582631448
64 135 125707.45382631448
65 135 125718.65082631448
49 136 126642.22792873162
50 136 126627.02792873162
51 136 126618.69103873162
52 136 126608.77264973162
53 136 126603.65270373163
54 136 126596.76875873162
55 136 126596.85907373163
56 136 126594.31084973163
57 136 126597.16044073162
58 136 126596.68937873162
59 136 126601.85750773162
60 136 126603.99863173162
61 136 126612.02800573163
62 136 126616.38702973162
63 136 126626.95392873161
64 136 126634.10792873162
65 136 126647.29792873163
49 137 127578.86203114876
50 137 127564.54203114877
51 137 127554.63163914876
52 137 127545.38826914877
53 137 127538.33576314876
54 137 127532.30861714877
55 137 127528.14625914877
56 137 127526.97063014876
57 137 127527.55116614877
58 137 127528.77326614877
59 137 127531.49021714876
60 137 127535.10806214876
61 137 127540.61917314876
62 137 127546.70037614876
63 137 127554.54612714876
64 137 127563.47803114876
65 137 127573.72503114876
50 138 128500.67613356591
51 138 128491.53613356591
52 138 128480.4901385659
53 138 128474.20622356591
54 138 128466.2138895659
55 138 128463.29910556591
56 138 128457.92432756591
57 138 128459.6727255659
58 138 128458.62026656591
59 138 128463.0572665659
60 138 128464.16895156591
61 138 128471.2717635659
62 138 128474.6883615659
63 138 128484.4364575659
64 138 128490.5261335659
65 138 128502.5861335659
66 138 128511.25513356591
50 139 129438.37023598306
51 139 129427.63023598306
52 139 129417.47515598306
53 139 129409.20927198307
54 139 129402.03564998307
55 139 129396.97914798306
56 139 129392.76631798306
57 139 129390.45785498306
58 139 129390.72249498306
59 139 129392.85158398307
60 139 129395.66330598306
61 139 129400.17920798306
62 139 129405.30000698306
63 139 129412.28218498307
64 139 129420.04823598306
65 139 129429.55023598306
66 139 129439.98023598306
50 140 130374.6843384002
51 140 130364.7843384002
52 140 130352.8068894002
53 140 130345.56811540021
54 140 130336.18787740021
55 140 130332.1246004002
56 140 130325.9064334002
57 140 130324.8622794002
58 140 130321.1001114002
59 140 130324.4881114002
60 140 130324.91709240021
61 140 130330.9622924002
62 140 130333.71839340021
63 140 130342.18839340021
64 140 130347.3920604002
65 140 130358.69206040021
66 140 130366.3443384002
67 140 130379.85733840021
51 141 131301.12844081732
52 141 131289.99844081732
53 141 131280.74177481732
54 141 131272.47113181732
55 141 131266.19108981732
56 141 131260.93594881732
57 141 131257.73859681733
58 141 131255.23738281734
59 141 131254.65390781732
60 141 131256.47692081734
61 141 131260.14550881734
62 141 131264.73448181734
63 141 131270.74279381734
64 141 131277.44420981733
65 141 131286.12759781734
66 141 131295.28644081732
67 141 131306.30444081733
51 142 132238.55254323452
52 142 132225.6125432345
53 142 132217.3595742345
54 142 132206.9328952345
55 142 132201.6479872345
56 142 132194.3202862345
57 142 132192.1385932345
58 142 132187.6296472345
59 142 132188.3761762345
60 142 132186.2124882345
61 142 132191.0210072345
62 142 132193.1806132345
63 142 132200.8536132345
64 142 132205.2030212345
65 142 132215.6030212345
66 142 132222.0425432345
67 142 132234.9125432345
68 142 132244.2325432345
52 143 133163.12664565165
53 143 133152.86664565164
54 143 133143.45376365163
55 143 133135.98112665163
56 143 133129.71944065165
57 143 133125.48517865164
58 143 133122.05026765165
59 143 133120.58844565164
60 143 133119.65433565163
61 143 133120.69598165163
62 143 133124.13951065164
63 143 133129.41533465165
64 143 133135.42533465163
65 143 133143.23745365164
66 143 133151.48769665163
67 143 133161.60864565164
68 143 133172.49664565164
52 144 134098.9307480688
53 144 134089.8207480688
54 144 134078.2784470688
55 144 134071.8793860688
56 144 134063.3836180688
57 144 134060.30108806878
58 144 134054.7188060688
59 144 134054.4001600688
60 144 134051.40272006879
61 144 134053.73463206878
62 144 134053.1851220688
63 144 134059.5315730688
64 144 134063.39123706878
65 144 134072.7825600688
66 144 134078.5806570688
67 144 134090.54122706878
68 144 134098.54274806878
69 144 134112.99174806877
52 145 135036.63485048592
53 145 135025.51485048592
54 145 135015.15151348594
55 145 135006.59042648593
56 145 134999.12866748593
57 145 134993.80952548594
58 145 134989.57779148594
59 145 134987.01886048593
60 145 134985.21284648593
61 145 134985.37734448593
62 145 134985.99344348593
63 145 134988.65332648592
64 145 134993.71822448593
65 145 135000.24515748592
66 145 135008.40224348594
67 145 135017.52473748592
68 145 135027.40485048594
69 145 135039.06185048592
53 146 135962.59895290306
54 146 135950.18400290306
55 146 135942.82857290306
56 146 135933.27268390308
57 146 135928.91777890307
58 146 135922.51308490307
59 146 135921.46546690306
60 146 135917.21303690306
61 146 135918.68459290307
62 146 135917.14259290308
63 146 135921.02134990308
64 146 135922.05312990307
65 146 135930.37530890308
66 146 135935.58402490307
67 146 135946.90072590308
68 146 135953.81693390306
69 146 135967.08395290308
53 147 136898.4330553202
54 147 136887.23305532022
55 147 136877.71298232023
56 147 136869.3690193202
57 147 136862.9546583202
58 147 136857.6191533202
59 147 136854.18896232022
60 147 136851.4862613202
61 147 136850.5910713202
62 147 136850.36700732022
63 147 136852.08844432022
64 147 136854.27612732022
65 147 136858.8903813202
66 147 136865.4370083202
67 147 136873.87595432022
68 147 136883.02524132023
69 147 136893.6586483202
54 148 137822.47715773736
55 148 137814.21620773737
56 148 137803.58224673735
57 148 137798.41841573737
58 148 137790.72873373734
59 148 137788.59170573734
60 148 137783.71909173735
61 148 137784.26128073735
62 148 137781.79109073736
63 148 137784.82967573736
64 148 137784.85773873737
65 148 137790.59021073737
66 148 137793.26776073736
67 148 137803.13599173736
68 148 137809.64816073736
69 148 137822.36212373734
70 148 137830.89715773734
54 149 138759.6212601545
55 149 138749.3212601545
56 149 138739.7906401545
57 149 138732.4013391545
58 149 138725.9513391545
59 149 138721.5818871545
60 149 138718.2457251545
61 149 138716.5568561545
62 149 138715.4853621545
63 149 138716.1799431545
64 149 138717.4940871545
65 149 138721.1326211545
66 149 138724.9272701545
67 149 138730.9754061545
68 149 138738.8796391545
69 149 138748.6812601545
70 149 138759.2912601545
54 150 139695.12536257165
55 150 139685.94536257163
56 150 139674.22556357164
57 150 139667.80421557164
58 150 139659.26849957163
59 150 139655.81485357165
60 150 139650.43541157164
61 150 139650.51802657163
62 150 139647.06402657164
63 150 139649.32299357164
64 150 139648.35131157163
65 150 139653.00957357165
66 150 139654.80574457164
67 150 139662.16947057165
68 150 139666.28403957165
69 150 139677.62436257163
70 150 139685.28536257165
71 150 139699.34436257163
55 151 140621.32946498878
56 151 140610.66946498878
57 151 140602.2991259888
58 151 140594.38440698877
59 151 140588.82978398877
60 151 140584.6662819888
61 151 140582.22320498878
62 151 140581.0329849888
63 151 140580.95636698877
64 151 140581.4205449888
65 151 140583.98592398877
66 151 140586.8570769888
67 151 140591.98671898877
68 151 140597.34317498878
69 151 140604.8378519888
70 151 140614.0671129888
71 151 140625.3094649888
55 152 141557.97356740592
56 152 141545.49356740594
57 152 141537.81356740592
58 152 141528.1235674059
59 152 141523.3454974059
60 152 141516.95390440593
61 152 141515.84909940592
62 152 141512.34059040592
63 152 141514.21506740592
64 152 141512.3962634059
65 152 141516.38626340593
66 152 141516.98560440593
67 152 141523.49893140592
68 152 141526.60334940592
69 152 141535.38328840592
70 152 141540.83318140593
71 152 141553.68156740593
56 153 142482.12766982306
57 153 142472.53766982307
58 153 142463.68766982306
59 153 142457.02917982306
60 153 142451.26728982307
61 153 142447.94966682306
62 153 142446.03761082306
63 153 142445.23020382307
64 153 142445.71472582305
65 153 142447.28405982305
66 153 142449.45447282307
67 153 142453.58559582307
68 153 142458.13098782307
69 153 142464.62505982307
70 153 142471.43766982306
71 153 142480.22220782307
72 153 142491.29766982308
56 154 143417.1717722402
57 154 143408.5617722402
58 154 143397.8717722402
59 154 143392.2321702402
60 154 143384.5121702402
61 154 143381.82517024022
62 154 143377.6362082402
63 154 143378.3534052402
64 154 143376.3854142402
65 154 143379.93506524022
66 154 143379.6977572402
67 154 143385.45239424022
68 154 143387.48679824022
69 154 143395.6646302402
70 154 143400.1596792402
71 154 143410.42477224022
72 154 143417.3617722402
57 155 144343.6558746574
58 155 144333.80587465738
59 155 144326.17053965738
60 155 144319.30207865738
61 155 144314.6458686574
62 155 144311.3946686574
63 155 144309.76753765738
64 155 144309.51557665737
65 155 144310.33543565738
66 155 144312.4299356574
67 155 144315.5460756574
68 155 144319.37670265738
69 155 144324.95995365738
70 155 144331.08326065738
71 155 144339.04081865738
72 155 144347.27587465738
73 155 144357.59787465737
57 156 145280.02997707453
58 156 145268.25997707451
59 156 145261.63067007452
60 156 145252.87784707453
61 156 145248.91313007454
62 156 145243.71924207453
63 156 145242.99713307453
64 156 145240.5446440745
65 156 145242.98896707452
66 156 145242.5505910745
67 156 145247.5415740745
68 156 145248.86829407452
69 156 145256.24556007452
70 156 145259.81443907451
71 156 145269.38042707453
72 156 145275.26046307452
73 156 145287.07897707453
57 157 146215.50407949166
58 157 146204.64407949167
59 157 146196.13927349166
60 157 146188.07996249167
61 157 146182.27696349166
62 157 146177.89642549166
63 157 146175.11494549166
64 157 146173.75018349168
65 157 146173.81023149166
66 157 146175.14941049166
67 157 146177.74121749165
68 157 146181.16043149168
69 157 146185.86480049166
70 157 146191.15416749165
71 157 146198.13426149165
72 157 146205.71907949165
73 157 146214.97813149166
74 157 146224.88407949166
58 158 147139.5281819088
59 158 147131.9181819088
60 158 147122.2330589088
61 158 147116.9620389088
62 158 147110.8163329088
63 158 147108.7977209088
64 158 147105.3782129088
65 158 147106.5972989088
66 158 147105.6610299088
67 158 147109.8807859088
68 158 147110.7643669088
69 158 147117.36498190882
70 158 147120.0585619088
71 158 147128.8559819088
72 158 147133.9657829088
73 158 147144.95018190882
74 158 147152.3751819088
58 159 148076.22228432595
59 159 148066.79228432596
60 159 148057.83827732594
61 159 148051.00793332595
62 159 148045.35443532595
63 159 148041.51889832594
64 159 148039.00042732595
65 159 148038.02970232593
66 159 148038.39506432594
67 159 148040.23266432594
68 159 148043.00116432595
69 159 148046.99188032595
70 159 148051.72876732596
71 159 148057.85367532595
72 159 148064.70967832595
73 159 148073.12312732596
74 159 148082.12828432594
75 159 148092.75728432595
59 160 149002.85638674308
60 160 148992.33187174308
61 160 148986.16174774308
62 160 148978.82321474308
63 160 148975.5629377431
64 160 148971.1143267431
65 160 148971.21991274308
66 160 148969.3839617431
67 160 148972.6739617431
68 160 148972.99221074308
69 160 148978.7553497431
70 160 148980.89315974308
71 160 148988.78644474308
72 160 148993.11763974308
73 160 149003.23268674308
74 160 149009.7273137431
75 160 149022.1783867431
59 161 149938.06048916024
60 161 149928.32048916022
61 161 149920.46390016022
62 161 149913.87844616023
63 161 149908.75888816023
64 161 149905.04434716023
65 161 149903.08871116024
66 161 149902.49499516023
67 161 149903.35419516024
68 161 149905.34919116023
69 161 149908.65177416024
70 161 149912.71624116023
71 161 149917.98814016022
72 161 149924.23467216024
73 161 149931.77191416023
74 161 149940.04348916022
75 161 149949.70766916024
76 161 149960.35448916024
60 162 150863.03459157737
61 162 150856.00459157737
62 162 150847.66553857736
63 162 150843.32164757737
64 162 150837.76387157736
65 162 150836.16504357738
66 162 150833.8634225774
67 162 150836.0040285774
68 162 150835.71038157737
69 162 150840.5671095774
70 162 150842.2234285774
71 162 150849.21283257738
72 162 150852.87616557739
73 162 150862.2631865774
74 162 150868.04537457737
75 162 150879.59159157737
76 162 150887.54459157737
60 163 151799.45869399453
61 163 151790.57869399452
62 163 151782.93908199453
63 163 151776.9648749945
64 163 151772.15010299452
65 163 151768.9429399945
66 163 151767.15783599453
67 163 151767.16066699452
68 163 151768.37128099453
69 163 151770.8102809945
70 163 151774.24481599452
71 163 151778.7472789945
72 163 151784.26937399452
73 163 151791.0040599945
74 163 151798.63025499452
75 163 151807.5364409945
76 163 151817.2026939945
77 163 151828.22869399452
61 164 152726.67279641167
62 164 152717.10748241167
63 164 152711.80065041166
64 164 152705.33910841166
65 164 152702.92781341166
66 164 152699.06514741166
67 164 152700.05227941167
68 164 152699.09022341165
69 164 152703.12385341167
70 164 152704.02062541165
71 164 152710.39042041166
72 164 152713.21444041166
73 164 152721.74999141166
74 164 152726.79724141167
75 164 152737.56035541167
76 164 152744.60807341165
77 164 152757.54979641165
61 165 153661.8568988288
62 165 153653.0168988288
63 165 153645.7977958288
64 165 153640.0011168288
65 165 153635.9380498288
66 165 153632.9146098288
67 165 153631.6288818288
68 165 153632.0055458288
69 165 153633.5968748288
70 165 153636.2315108288
71 165 153640.0846508288
72 165 153644.8913858288
73 165 153650.6790268288
74 165 153657.6655828288
75 165 153665.8675458288
76 165 153674.7798988288
77 165 153684.9318988288
78 165 153696.2088988288
62 166 154587.57100124593
63 166 154581.27200124593
64 166 154573.65007524594
65 166 154570.21222324594
66 166 154565.43653024593
67 166 154564.95066224594
68 166 154563.09685624595
69 166 154566.13452324594
70 166 154566.42729524593
71 166 154572.00001424595
72 166 154574.16201224594
73 166 154581.92322124593
74 166 154586.13353024595
75 166 154596.18366624595
76 166 154602.58947524594
77 166 154614.71500124593
78 166 154623.23800124595
62 167 155524.1851036631
63 167 155515.7451036631
64 167 155508.73937166308
65 167 155503.6320216631
66 167 155499.6036526631
67 167 155497.23564466307
68 167 155496.2258476631
69 167 155496.9719866631
70 167 155498.9252036631
71 167 155501.9888226631
72 167 155506.04734266308
73 167 155511.1640396631
74 167 155517.42189166308
75 167 155524.68110366308
76 167 155533.0162436631
77 167 155542.4426556631
78 167 155552.7621036631
62 168 156459.3692060802
63 168 156451.75920608023
64 168 156442.85920608023
65 168 156438.22802508023
66 168 156432.45080808023
67 168 156430.94997508024
68 168 156428.0199750802
69 168 156429.69682708022
70 168 156429.42933908023
71 168 156433.93637408022
72 168 156435.64864908022
73 168 156442.61529308022
74 168 156446.11627608023
75 168 156455.21431708022
76 168 156461.01421108024
77 168 156472.34297608022
78 168 156479.99912808024
79 168 156493.53920608023
63 169 157386.8433084974
64 169 157378.61330849738
65 169 157372.0233084974
66 169 157366.9072984974
67 169 157363.7072984974
68 169 157361.5821454974
69 169 157361.2286544974
70 169 157362.1277814974
71 169 157364.4207814974
72 169 157367.7864134974
73 169 157372.2128734974
74 169 157377.5854424974
75 169 157384.0940614974
76 169 157391.7803244974
77 169 157400.4098924974
78 169 157410.0393084974
79 169 157420.7153084974
63 170 158323.13741091455
64 170 158313.14741091453
65 170 158307.28741091455
66 170 158300.28741091455
67 170 158297.75989691453
68 170 158293.88989691454
69 170 158294.20209691455
70 170 158293.23348191453
71 170 158296.69117691455
72 170 158297.74355091454
73 170 158303.85974091454
74 170 158306.70660691455
75 170 158315.09341491453
76 170 158320.07171891455
77 170 158330.81541091454
78 170 158337.69820891455
79 170 158350.29441091453
80 170 158359.41241091455
64 171 159249.2815133317
65 171 159241.7215133317
66 171 159235.48151333167
67 171 159230.9736913317
68 171 159227.77369133168
69 171 159226.2812423317
70 171 159226.18469533167
71 171 159227.66304833168
72 171 159230.06016233168
73 171 159233.77123433168
74 171 159238.40541833168
75 171 159244.2412283317
76 171 159251.19427533168
77 171 159259.07948333168
78 171 159268.02494433167
79 171 159277.92921033167
80 171 159288.8305133317
64 172 160184.01561574882
65 172 160177.29561574882
66 172 160169.22561574882
67 172 160165.50161574883
68 172 160160.50303774883
69 172 160159.61206174883
70 172 160157.7301597488
71 172 160160.24953974882
72 172 160160.58338374883
73 172 160165.65563274882
74 172 160167.88842474882
75 172 160175.41877674882
76 172 160179.74197474882
77 172 160189.60624274882
78 172 160195.87894574882
79 172 160207.66760474883
80 172 160215.92425474882
65 173 161111.96971816596
66 173 161104.73971816598
67 173 161099.12871816597
68 173 161094.82571816596
69 173 161092.22365116596
70 173 161090.92848416595
71 173 161091.59870416595
72 173 161093.06792816595
73 173 161096.08317516596
74 173 161099.75233016597
75 173 161104.92584816596
76 173 161111.04146816596
77 173 161118.21126216598
78 173 161126.54296016597
79 173 161135.64770116596
80 173 161145.81871816597
65 174 162048.0038205831
66 174 162038.8438205831
67 174 162034.1038205831
68 174 162028.02482058312
69 174 162026.1092995831
70 174 162023.0292995831
71 174 162024.40352858312
72 174 162024.1292375831
73 174 162028.2330495831
74 174 162029.74672758311
75 174 162036.30071958312
76 174 162039.9784375831
77 174 162049.1878835831
78 174 162054.6562125831
79 174 162065.91582058312
80 174 162073.33280358312
66 175 162974.73792300024
67 175 162968.16792300026
68 175 162962.81592300025
69 175 162959.15736700024
70 175 162956.77236700026
71 175 162956.30224500026
72 175 162956.98616000026
73 175 162959.05927000026
74 175 162961.83512300026
75 175 162966.17961100026
76 175 162971.36256300026
77 175 162978.07341200026
78 175 162985.75923900024
79 175 162994.06423700025
80 175 163003.49848000024
66 176 163909.3520254174
67 176 163903.57202541738
68 176 163896.3310254174
69 176 163893.5907034174
70 176 163889.4707034174
71 176 163889.5796924174
72 176 163888.3855974174
73 176 163891.5966464174
74 176 163892.3204174174
75 176 163897.8991354174
76 176 163900.8308414174
77 176 163909.08010241739
78 176 163914.0281074174
79 176 163924.4410584174
80 176 163931.1773864174
81 176 163943.54675341738
67 177 164838.17612783454
68 177 164831.59812783453
69 177 164826.88612783453
70 177 164823.46972383454
71 177 164822.07222483453
72 177 164821.57538283453
73 177 164822.74138283453
74 177 164824.75439683453
75 177 164828.18695283454
76 177 164832.49967983452
77 177 164838.40870283454
78 177 164845.08569083453
79 177 164852.91039183454
80 177 164861.68030483453
81 177 164871.11602483454
67 178 165773.82023025167
68 178 165765.69023025167
69 178 165761.7102302517
70 178 165756.27309125167
71 178 165755.61234925166
72 178 165753.5148642517
73 178 165755.35223025168
74 178 165755.54316425166
75 178 165760.29677325167
76 178 165762.40598725167
77 178 165769.6959162517
78 178 165773.95274425167
79 178 165783.64720125168
80 178 165789.6348842517
81 178 165801.33723025167
82 178 165809.52360125168
68 179 166701.36433266883
69 179 166695.54433266883
70 179 166690.8043326688
71 179 166688.38531966883
72 179 166686.98129666882
73 179 166687.08687666882
74 179 166688.14908566882
75 179 166690.86002066883
76 179 166694.4241956688
77 179 166699.3626136688
78 179 166705.17620566883
79 179 166712.45576066882
80 179 166720.51140866883
81 179 166729.1747006688
82 179 166739.49594066883
68 180 167635.75843508597
69 180 167630.76843508595
70 180 167624.21843508596
71 180 167622.26195908597
72 180 167619.15895908597
73 180 167620.00480408597
74 180 167619.30219208598
75 180 167623.10107108596
76 180 167624.58223708597
77 180 167630.96090508596
78 180 167634.50856008596
79 180 167643.31278908596
80 180 167648.68792208596
81 180 167659.54799708596
82 180 167666.99736608597
69 181 168564.9925375031
70 181 168559.34453750312
71 181 168555.6351235031
72 181 168553.0295795031
73 181 168551.9934735031
74 181 168552.1985925031
75 181 168553.91512550312
76 181 168556.8825695031
77 181 168560.9695025031
78 181 168566.0510405031
79 181 168572.5613975031
80 181 168579.7714105031
81 181 168587.6337885031
82 181 168597.32190650312
69 182 169500.43663992028
70 182 169493.02663992028
71 182 169490.1566399203
72 182 169485.87700392026
73 182 169485.49595492028
74 182 169483.68049592027
75 182 169486.4804959203
76 182 169487.31753092026
77 182 169492.87495792028
78 182 169495.75821992027
79 182 169503.62266392028
80 182 169508.3497549203
81 182 169518.59942692026
82 182 169525.10208392027
70 183 170428.42074233742
71 183 170423.7046283374
72 183 170420.13719533742
73 183 170418.1271953374
74 183 170417.0550793374
75 183 170417.61107933742
76 183 170419.75698233742
77 183 170423.21860433742
78 183 170427.64754533742
79 183 170433.2292543374
80 183 170439.6160873374
81 183 170446.8334813374
82 183 170455.84073433743
70 184 171362.31484475455
71 184 171358.61484475457
72 184 171353.41539175456
73 184 171352.07539175457
74 184 171349.20939175456
75 184 171350.69502575457
76 184 171350.66227975456
77 184 171355.30398975455
78 184 171357.58235875456
79 184 171364.59613075457
80 184 171368.57005775455
81 184 171378.03148975456
82 184 171383.86325875457
83 184 171396.16884475455
70 185 172297.9289471717
71 185 172292.4489471717
72 185 172288.0891431717
73 185 172285.0145761717
74 185 172283.0210761717
75 185 172282.5899001717
76 185 172283.6030391717
77 185 172286.0733891717
78 185 172289.7208031717
79 185 172294.55079717172
80 185 172300.2252961717
81 185 172306.6512021717
82 185 172314.8677361717
83 185 172324.1729471717
71 186 173227.58304958884
72 186 173221.47883558884
73 186 173219.29544758884
74 186 173215.39444758886
75 186 173215.97572958886
76 186 173214.90301758883
77 186 173218.73069958884
78 186 173220.03860258884
79 186 173226.18819358884
80 186 173229.36399058884
81 186 173238.02010958883
82 186 173243.22215258883
83 186 173254.75755258885
84 186 173262.00458058884
71 187 174161.627152006
72 187 174156.397152006
73 187 174152.501602006
74 187 174149.493108006
75 187 174148.180604006
76 187 174148.17813700598
77 187 174149.847775006
78 187 174152.71179100598
79 187 174156.368372006
80 187 174161.278643006
81 187 174166.95256000597
82 187 174174.410197006
83 187 174183.013877006
84 187 174192.22096000597
71 188 175097.07125442312
72 188 175090.06125442314
73 188 175086.98125442312
74 188 175082.22337442313
75 188 175081.87437442312
76 188 175079.75395342312
77 188 175082.54629942312
78 188 175083.07028442313
79 188 175088.51993942313
80 188 175090.69290342313
81 188 175098.55485142313
82 188 175103.08023042313
83 188 175113.69645442313
84 188 175120.34687642314
72 189 176025.23535684028
73 189 176020.42535684028
74 189 176016.57635684026
75 189 176014.40625984027
76 189 176013.39855484027
77 189 176013.93570484026
78 189 176015.91595184026
79 189 176018.80339884027
80 189 176022.75897884028
81 189 176027.76925184028
82 189 176034.54133784026
83 189 176042.32069284027
84 189 176050.96336084028
72 190 176959.07945925742
73 190 176955.1594592574
74 190 176949.5106272574
75 190 176948.2964442574
76 190 176945.17163425742
77 190 176947.12584525743
78 190 176946.5729552574
79 190 176951.04591925742
80 190 176952.5088342574
81 190 176959.5132232574
82 190 176963.46285225742
83 190 176973.2835532574
84 190 176979.3167512574
73 191 177888.85356167456
74 191 177884.19738567455
75 191 177881.02315367456
76 191 177878.97832267455
77 191 177878.66473567457
78 191 177879.67522567455
79 191 177881.57565167456
80 191 177884.78171267456
81 191 177889.09061067455
82 191 177895.08231867454
83 191 177902.13421067456
84 191 177910.30483067455
85 191 177919.23747467456
73 192 178823.7676640917
74 192 178817.2476640917
75 192 178815.2788360917
76 192 178810.9853610917
77 192 178812.0320330917
78 192 178810.5791390917
79 192 178814.0954800917
80 192 178814.8561830917
81 192 178820.9954150917
82 192 178824.3158180917
83 192 178833.3331270917
84 192 178838.8011810917
85 192 178849.7934060917
73 193 179757.55176650884
74 193 179752.17176650884
75 193 179748.13012550885
76 193 179744.96736550884
77 193 179743.82546150885
78 193 179743.88208950884
79 193 179744.95693750883
80 193 179747.29960150883
81 193 179750.88454850882
82 193 179756.13251150883
83 193 179762.47720350884
84 193 179770.03646450883
85 193 179778.29444350884
86 193 179787.40468650885
73 194 180692.72586892598
74 194 180685.44586892598
75 194 180682.59586892597
76 194 180677.42069292598
77 194 180677.324092926
78 194 180675.095767926
79 194 180677.64391892598
80 194 180677.671916926
81 194 180682.91837092597
82 194 180685.64800292597
83 194 180693.832848926
84 194 180698.85125192598
85 194 180709.139378926
86 194 180715.58049292598
74 195 181620.60997134313
75 195 181615.78997134313
76 195 181611.83837534313
77 195 181609.65765334314
78 195 181608.55609334313
79 195 181608.7829103431
80 195 181610.33662934313
81 195 181613.1946793431
82 195 181617.61193234313
83 195 181623.32440434312
84 195 181630.23331634313
85 195 181637.87967234312
86 195 181646.40025634313
74 196 182554.1040737603
75 196 182550.4840737603
76 196 182544.5669507603
77 196 182543.40855176028
78 196 182540.1995357603
79 196 182541.7053557603
80 196 182541.01812976028
81 196 182545.3474757603
82 196 182547.4958397603
83 196 182554.8350417603
84 196 182559.3753427603
85 196 182568.9308987603
86 196 182574.8192427603
74 197 183489.46817617744
75 197 183483.98817617743
76 197 183479.25817617745
77 197 183476.07405317744
78 197 183473.91840117745
79 197 183473.19842517743
80 197 183473.79794517744
81 197 183475.98395417744
82 197 183479.59279117745
83 197 183484.65098017742
84 197 183490.94509817744
85 197 183497.98292117743
86 197 183505.84854417742
87 197 183514.59214417744
75 198 184418.8422785946
76 198 184412.23227859457
77 198 184410.1222785946
78 198 184405.92826059458
79 198 184406.25148559458
80 198 184404.87796359457
81 198 184408.3035255946
82 198 184409.76483559457
83 198 184416.45842759457
84 198 184420.3590005946
85 198 184429.12353159458
86 198 184434.60195859458
87 198 184445.4099765946
75 199 185352.5963810117
76 199 185347.05638101173
77 199 185342.9278470117
78 199 185339.9376810117
79 199 185338.23262901173
80 199 185337.7803150117
81 199 185339.26698401172
82 199 185342.09464701172
83 199 185346.52876501172
84 199 185352.0875520117
85 199 185358.50300401173
86 199 185365.76653501173
87 199 185374.0977690117
76 200 186280.27048342887
77 200 186277.25048342886
78 200 186272.22130542886
79 200 186271.58038942885
80 200 186269.31721642887
81 200 186271.77325642886
82 200 186272.56962542885
83 200 186278.44990942886
84 200 186281.87880042885
85 200 186289.83258942887
86 200 186294.82002942887
87 200 186304.95406142887
76 201 187215.474585846
77 201 187210.474585846
78 201 187206.573880846
79 201 187203.913880846
80 201 187202.652056846
81 201 187203.133807846
82 201 187205.043552846
83 201 187208.885579846
84 201 187213.793419846
85 201 187219.525144846
86 201 187226.207172846
87 201 187233.903158846
88 201 187242.251402846
76 202 188149.27868826315
77 202 188145.16868826313
78 202 188139.11656026315
79 202 188137.45570626314
80 202 188134.46337826314
81 202 188135.82826926315
82 202 188135.86808026314
83 202 188141.05783426313
84 202 188143.86711926316
85 202 188151.21358226315
86 202 188155.53412726315
87 202 188164.91022626313
88 202 188170.88358826315
76 203 189086.0327906803
77 203 189078.9327906803
78 203 189073.79279068028
79 203 189070.1593466803
80 203 189068.0335876803
81 203 189067.5414816803
82 203 189068.5163076803
83 203 189071.7778976803
84 203 189075.99197168028
85 203 189081.14018368028
86 203 189087.1187456803
87 203 189094.1792026803
88 203 189101.9041216803
77 204 190015.22689309742
78 204 190007.17689309744
79 204 190004.40689309742
80 204 190000.10674509744
81 204 190000.45082309743
82 204 189999.68707809743
83 204 190004.15096609743
84 204 190006.45584809742
85 204 190012.92164109743
86 204 190016.82677809743
87 204 190025.40420109744
88 204 190030.85799009743
77 205 190950.69099551457
78 205 190943.47099551457
79 205 190937.72099551457
80 205 190934.00327651456
81 205 190932.47019351457
82 205 190932.52083351457
83 205 190935.22542651457
84 205 190938.76959751456
85 205 190943.30647651458
86 205 190948.58123151457
87 205 190954.98117951458
88 205 190962.09484851456
89 205 190970.39768451458
78 206 191878.54509793172
79 206 191873.5950979317
80 206 191866.83936993172
81 206 191865.53180493173
82 206 191863.99959193173
83 206 191867.7568969317
84 206 191869.59642993173
85 206 191875.34570993172
86 206 191878.65217993173
87 206 191886.5382389317
88 206 191891.35071093173
89 206 191901.26985193172
78 207 192815.13920034884
79 207 192808.63920034884
80 207 192802.79175434884
81 207 192798.24476434887
82 207 192796.82723234885
83 207 192799.22464634886
84 207 192802.13350034886
85 207 192806.05171834887
86 207 192810.64445834886
87 207 192816.43017934886
88 207 192822.79318834885
89 207 192830.42542834886
78 208 193750.273302766
79 208 193744.863302766
80 208 193737.507894766
81 208 193734.023181766
82 208 193729.024783766
83 208 193731.903151766
84 208 193733.304095766
85 208 193738.303401766
86 208 193741.117913766
87 208 193748.108374766
88 208 193752.501236766
89 208 193761.534156766
90 208 193767.461343766
79 209 194680.03740518316
80 209 194673.65740518318
81 209 194668.62261218316
82 209 194664.65283118316
83 209 194664.00881618317
84 209 194665.90139018316
85 209 194669.38363218316
86 209 194673.32635618318
87 209 194678.48526118317
88 209 194684.12564518317
89 209 194691.11229218318
90 209 194698.66240518316
79 210 195616.4415076003
80 210 195608.46150760032
81 210 195604.5145116003
82 210 195599.0330786003
83 210 195598.96960260032
84 210 195597.8084476003
85 210 195601.7894086003
86 210 195604.15674360032
87 210 195610.41799960032
88 210 195614.2043466003
89 210 195622.5255866003
90 210 195627.8210286003
80 211 196544.86561001744
81 211 196539.17761101745
82 211 196534.76259801746
83 211 196533.39649401745
84 211 196532.82311801746
85 211 196533.60841901746
86 211 196536.50028001744
87 211 196541.11529601747
88 211 196546.08748001745
89 211 196552.39909501746
90 211 196559.13200601746
91 211 196567.30783601745
80 212 197479.7697124346
81 212 197475.1987124346
82 212 197469.2007834346
83 212 197468.6317694346
84 212 197466.3803044346
85 212 197468.1215634346
86 212 197468.0904934346
87 212 197473.2337144346
88 212 197476.5509494346
89 212 197484.0493124346
90 212 197488.8605984346
91 212 197498.34623543458
80 213 198416.44381485175
81 213 198410.02762585174
82 213 198405.04021685175
83 213 198403.01214385175
84 213 198401.59029585173
85 213 198401.66429285172
86 213 198402.54786585175
87 213 198404.68961585173
88 213 198408.58937185173
89 213 198414.38484385173
90 213 198420.36392285174
91 213 198427.89800885174
80 214 199351.50791726887
81 214 199346.20291726888
82 214 199339.5548982689
83 214 199338.53713726887
84 214 199335.2679452689
85 214 199336.35876626888
86 214 199335.41825326887
87 214 199338.77959026888
88 214 199339.83065726887
89 214 199346.17118926888
90 214 199350.4328492689
91 214 199359.1978122689
80 215 200288.342019686
81 215 200281.26201968602
82 215 200275.57426468603
83 215 200272.86129168601
84 215 200270.69024868603
85 215 200269.975436686
86 215 200270.06302968602
87 215 200271.55015668602
88 215 200273.76401468602
89 215 200277.26256968602
90 215 200282.153453686
91 215 200289.036556686
92 215 200296.12133168604
80 216 201223.64612210318
81 216 201217.59612210316
82 216 201210.23612210318
83 216 201208.60011010317
84 216 201204.50845810317
85 216 201204.98280010317
86 216 201202.97943410315
87 216 201205.69714410318
88 216 201206.01758810316
89 216 201210.87585810316
90 216 201213.02465910316
91 216 201220.54992110317
92 216 201225.79255110316
81 217 202152.8802245203
82 217 202146.48022452032
83 217 202142.9501875203
84 217 202140.10367652032
85 217 202138.61482252032
86 217 202137.8787905203
87 217 202138.5348875203
88 217 202140.1097605203
89 217 202142.9225455203
90 217 202146.4260045203
91 217 202151.2749725203
92 217 202157.1912245203
81 218 203089.42432693744
82 218 203081.34432693745
83 218 203078.93036493746
84 218 203074.07097893744
85 218 203073.81454493746
86 218 203070.93173993746
87 218 203072.77376693746
88 218 203072.35988293745
89 218 203076.56517193746
90 218 203078.08107393744
91 218 203084.36389493744
92 218 203087.60898193746
82 219 204017.8284293546
83 219 204013.5284293546
84 219 204009.8897903546
85 219 204007.60445035459
86 219 204006.0377663546
87 219 204005.8253683546
88 219 204006.60228235458
89 219 204008.7779823546
90 219 204011.6712093546
91 219 204015.7916523546
92 219 204020.5043823546
93 219 204026.6453803546
82 220 204952.83253177174
83 220 204949.66253177173
84 220 204943.96599377174
85 220 204943.07827977173
86 220 204939.31452577174
87 220 204940.18486377175
88 220 204938.97462277173
89 220 204942.44628677174
90 220 204943.39206977174
91 220 204948.98092877172
92 220 204951.71553177174
93 220 204959.17755377173
83 221 205884.3966341889
84 221 205879.97039118886
85 221 205876.97936318888
86 221 205874.66798818888
87 221 205873.47388518887
88 221 205873.16051118888
89 221 205874.72768218888
90 221 205877.13656018887
91 221 205880.57157118886
92 221 205884.71663018886
93 221 205890.10663418888
94 221 205896.12663418887
83 222 206820.64073660603
84 222 206814.17700460603
85 222 206812.643764606
86 222 206808.062693606
87 222 206808.068839606
88 222 206806.01094160601
89 222 206808.31253360602
90 222 206808.89377560603
91 222 206813.75509760602
92 222 206815.96357060602
93 222 206822.96537760601
94 222 206826.75073660602
83 223 207755.42483902318
84 223 207750.2638390232
85 223 207746.61284702318
86 223 207743.5745770232
87 223 207741.56716802318
88 223 207740.4180840232
89 223 207741.00989402318
90 223 207742.5702410232
91 223 207745.52245302318
92 223 207749.2301170232
93 223 207753.8434220232
94 223 207759.3058390232
95 223 207765.8848390232
83 224 208691.74894144034
84 224 208684.58894144034
85 224 208682.38995944033
86 224 208677.12403944033
87 224 208676.42755544034
88 224 208673.50477344033
89 224 208674.91308944032
90 224 208674.67452244033
91 224 208678.54129244032
92 224 208680.42163144035
93 224 208686.71118944034
94 224 208689.95894144033
95 224 208697.93894144034
84 225 209620.75304385746
85 225 209616.47304385746
86 225 209612.70718685747
87 225 209609.99364585747
88 225 209608.16608785748
89 225 209607.81034885749
90 225 209608.4832368575
91 225 209610.5296838575
92 225 209613.54504485748
93 225 209617.79114185748
94 225 209622.47304385746
95 225 209628.5630438575
84 226 210555.21614627462
85 226 210552.32714627462
86 226 210546.4143402746
87 226 210545.1876852746
88 226 210541.33472227462
89 226 210541.9763472746
90 226 210540.86479527463
91 226 210543.7007462746
92 226 210544.9959432746
93 226 210550.48402327462
94 226 210553.29714627462
95 226 210560.63714627462
84 227 211491.44224869175
85 227 211486.59124869175
86 227 211482.04708369175
87 227 211478.84369369177
88 227 211476.33871269177
89 227 211475.01076369177
90 227 211474.96600769175
91 227 211475.99161969175
92 227 211478.20628269177
93 227 211481.74026669175
94 227 211485.93124869175
95 227 211491.34124869175
85 228 212422.5353511089
86 228 212415.89881710891
87 228 212414.0395721089
88 228 212409.5955451089
89 228 212409.5500051089
90 228 212407.4262501089
91 228 212409.5789501089
92 228 212409.8753521089
93 228 212414.4803511089
94 228 212416.7631601089
95 228 212423.5053511089
85 229 213357.03945352606
86 229 213351.51185352606
87 229 213347.81770652605
88 229 213344.71141652603
89 229 213342.83938952605
90 229 213341.73497052604
91 229 213342.04630152605
92 229 213343.36007352604
93 229 213345.95083152605
94 229 213349.54437752604
95 229 213354.32986752604
86 230 214285.8135559432
87 230 214283.1303249432
88 230 214278.1598619432
89 230 214277.48194194317
90 230 214274.50606794318
91 230 214275.8170989432
92 230 214275.2585729432
93 230 214278.8801709432
94 230 214280.57572594317
95 230 214286.5155559432
86 231 215221.68765836032
87 231 215217.21823336033
88 231 215213.35414636033
89 231 215210.90051136032
90 231 215208.95346936033
91 231 215208.56199636034
92 231 215208.94361036032
93 231 215210.76134436033
94 231 215213.44623536032
95 231 215217.54765836033
96 231 215222.40765836032
87 232 216152.70459477746
88 232 216147.12871577748
89 232 216145.78618377747
90 232 216142.07847077746
91 232 216142.57830977745
92 232 216141.24120577748
93 232 216143.99076077747
94 232 216144.99267577747
95 232 216150.05176077748
96 232 216152.96476077748
87 233 217087.0459151946
88 233 217082.45992519462
89 233 217079.43390019462
90 233 217076.8575051946
91 233 217075.61527319462
92 233 217075.0449741946
93 233 217076.0743941946
94 233 217078.1776991946
95 233 217081.41086319461
96 233 217085.41920319461
97 233 217090.89686319462
88 234 218016.55059461176
89 234 218014.46116061174
90 234 218010.23292361177
91 234 218009.95883561176
92 234 218007.76492461175
93 234 218009.57477161175
94 234 218009.96995161174
95 234 218014.08196561175
96 234 218016.34237661175
97 234 218023.01496561174
88 235 218952.2440680289
89 235 218948.4712280289
90 235 218945.1318220289
91 235 218943.4029690289
92 235 218942.0328500289
93 235 218942.1571120289
94 235 218943.29641402888
95 235 218945.7386700289
96 235 218949.1270680289
97 235 218953.88406802888
89 236 219883.82916844607
90 236 219878.86337344607
91 236 219877.94212544608
92 236 219875.05275244606
93 236 219875.98626444608
94 236 219875.50967844608
95 236 219878.64917044606
96 236 219880.46099044607
97 236 219886.15017044605
89 237 220818.1222728632
90 237 220814.0573698632
91 237 220811.62989686322
92 237 220809.49240586322
93 237 220808.9738718632
94 237 220809.1939348632
95 237 220810.67227286322
96 237 220813.3494238632
97 237 220817.3122728632
98 237 220822.0405278632
90 238 221748.12137528035
91 238 221746.49041828036
92 238 221742.90410728034
93 238 221743.05097228035
94 238 221741.75952328034
95 238 221744.01779628036
96 238 221745.04157828036
97 238 221749.81237528034
98 238 221752.87437528034
90 239 222683.5904776975
91 239 222680.4274776975
92 239 222677.6631456975
93 239 222676.4014826975
94 239 222675.6786976975
95 239 222676.48083769748
96 239 222678.2374396975
97 239 222681.3404776975
98 239 222685.29247769748
99 239 222690.7204776975
91 240 223615.59458011464
92 240 223611.30007711463
93 240 223610.90080911462
94 240 223608.70989911465
95 240 223610.09469011464
96 240 223610.30880211462
97 240 223614.24858011462
98 240 223616.57329911462
99 240 223622.80958011464
91 241 224549.81868253177
92 241 224546.27568253176
93 241 224544.39379753178
94 241 224543.03379753177
95 241 224543.01301753178
96 241 224543.7804525318
97 241 224546.05968253178
98 241 224549.40568253177
99 241 224553.9716825318
100 241 224559.29868253178
92 242 225480.19278494891
93 242 225478.98966094892
94 242 225476.2896609489
95 242 225477.04079894893
96 242 225476.37648394893
97 242 225479.32478494893
98 242 225480.95976694892
99 242 225486.37378494893
100 242 225489.9727849489
92 243 226415.54688736607
93 243 226412.87288736607
94 243 226410.82144836607
95 243 226410.24189236606
96 243 226410.24882336607
97 243 226411.75651636606
98 243 226414.05688736605
99 243 226417.81388736606
100 243 226422.38288736605
93 244 227347.8009897832
94 244 227344.3670107832
95 244 227344.4401247832
96 244 227343.01282478322
97 244 227345.27481478322
98 244 227346.0390857832
99 244 227350.58698978322
100 244 227353.5249897832
101 244 227360.1579897832
93 245 228281.90509220035
94 245 228279.23326520034
95 245 228277.95550920034
96 245 228277.05961620033
97 245 228277.86886820034
98 245 228279.44024320034
99 245 228282.37009220035
100 245 228286.24709220036
101 245 228291.38009220036
94 246 229212.9439666175
95 246 229212.5431946175
96 246 229210.1661066175
97 246 229211.5161066175
98 246 229211.63942261747
99 246 229215.36799661748
100 246 229217.74038161748
101 246 229223.66419461748
94 247 230148.25329703462
95 247 230146.19629703462
96 247 230144.57640203464
97 247 230144.53281803464
98 247 230145.15268903464
99 247 230147.62169003463
100 247 230150.71529703462
101 247 230154.97929703462
95 248 231081.10039945177
96 248 231077.93014745179
97 248 231078.66845245176
98 248 231077.77535045176
99 248 231080.83639945177
100 248 231082.43519245178
101 248 231087.48539945178
102 248 231091.22639945179
95 249 232015.1355018689
96 249 232012.78219786892
97 249 232011.8778348689
98 249 232011.75423486892
99 249 232013.2065018689
100 249 232015.55064486893
101 249 232019.2124538689
102 249 232023.81850186893
96 250 232946.51519228608
97 250 232946.4776102861
98 250 232944.6959402861
99 250 232946.7506042861
100 250 232947.5977972861
101 250 232951.92474428608
102 250 232955.09160428608
96 251 233881.66768770322
97 251 233880.24768770323
98 251 233879.15468770324
99 251 233879.53125370323
100 251 233880.97851470322
101 251 233883.98645570324
102 251 233887.86870670322
103 251 233892.84970670321
96 252 234815.56980912038
97 252 234815.04880912037
98 252 234812.54841912037
99 252 234813.80841912038
100 252 234813.33042012036
101 252 234816.98092712037
102 252 234819.38517912038
103 252 234825.05080912038
97 253 235748.93691153752
98 253 235747.30947353752
99 253 235747.01839753753
100 253 235747.3534605375
101 253 235749.18091153752
102 253 235752.36660753752
103 253 235756.5313825375
104 253 235761.6499115375
97 254 236683.89501395467
98 254 236680.84340895465
99 254 236681.49616495465
100 254 236680.40453495466
101 254 236682.95501395466
102 254 236684.22532595464
103 254 236689.14790095465
104 254 236692.70301395466
98 255 237615.8051163718
99 255 237615.0853533718
100 255 237614.7965813718
101 255 237615.8381853718
102 255 237617.8080503718
103 255 237620.9434213718
104 255 237625.3251163718
105 255 237630.5911163718
98 256 238549.53121878894
99 256 238549.67521878894
100 256 238547.97501478894
101 256 238549.94621878894
102 256 238550.31326478894
103 256 238554.23682178895
104 256 238556.71221078894
105 256 238562.78821878895
99 257 239483.38732120607
100 257 239482.57445820607
101 257 239482.9767932061
102 257 239484.23138520608
103 257 239486.6493212061
104 257 239489.85071020608
105 257 239494.13860620608
99 258 240418.1804236232
100 258 240415.90442362323
101 258 240417.1687736232
102 258 240416.95542362324
103 258 240420.26042362323
104 258 240421.82276162322
105 258 240426.98612662323
106 258 240430.77442362322
100 259 241350.67652604036
101 259 241350.53652604038
102 259 241351.05190704035
103 259 241352.82352604036
104 259 241355.33952604036
105 259 241358.96354704036
106 259 241363.49152604036
100 260 242284.2326284575
101 260 242285.0166284575
102 260 242284.0766284575
103 260 242286.7436284575
104 260 242287.6146284575
105 260 242292.13962845752
106 260 242295.0141234575
107 260 242301.5896284575
101 261 243218.53873087466
102 261 243218.41573087464
103 261 243219.51773087465
104 261 243221.27896387465
105 261 243224.26873087464
106 261 243227.96573487466
107 261 243233.04014087465
101 262 244153.12183329178
102 262 244151.5558332918
103 262 244153.5598332918
104 262 244153.84683329178
105 262 244157.7078332918
106 262 244159.8239052918
107 262 244165.7069522918
102 263 245086.07793570895
103 263 245086.61793570896
104 263 245087.70593570897
105 263 245090.05893570895
106 263 245093.14393570897
107 263 245097.44493570898
108 263 245102.62693570898
102 264 246019.4540381261
103 264 246020.8180381261
104 264 246020.51803812612
105 264 246023.7050381261
106 264 246025.2260381261
107 264 246030.40103812612
108 264 246034.0062031261
103 265 246954.17014054325
104 265 246954.62714054325
105 265 246956.31914054326
106 265 246958.73114054324
107 265 246962.33214054324
108 265 246966.83738554324
109 265 246972.56114054326
103 266 247889.0932429604
104 266 247887.5672429604
105 266 247890.17124296038
106 266 247891.0482429604
107 266 247895.53524296038
108 266 247898.5709179604
109 266 247905.10392396039
104 267 248822.36934537752
105 267 248822.93934537753
106 267 248824.73134537754
107 267 248827.69034537754
108 267 248831.58334537753
109 267 248836.71634537753
110 267 248842.80534537754
104 268 249755.89544779467
105 268 249757.47944779467
106 268 249757.21944779466
107 268 249761.12644779467
108 268 249763.38744779467
109 268 249769.5704477947
110 268 249774.06744779466
105 269 250691.0615502118
106 269 250691.60555021183
107 269 250693.39055021183
108 269 250696.4065502118
109 269 250701.2135502118
110 269 250706.7482212118
105 270 251625.80465262895
106 270 251624.83865262897
107 270 251627.63765262897
108 270 251628.51965262895
109 270 251634.11665262896
110 270 251638.08923662896
106 271 252559.5187550461
107 271 252560.7607550461
108 271 252562.5927550461
109 271 252566.0017550461
110 271 252570.8537550461
106 272 253492.91585746323
107 272 253495.18285746325
108 272 253495.39985746323
109 272 253499.87685746324
110 272 253502.47885746325
111 272 253509.16885746323
106 273 254427.8099598804
107 273 254428.57295988037
108 273 254429.65695988038
109 273 254432.6719598804
110 273 254436.1749598804
111 273 254440.7749598804
107 274 255363.1460622975
108 274 255362.7900622975
109 274 255366.63306229754
110 274 255368.5810622975
111 274 255373.99606229752
107 275 256296.65816471467
108 275 256297.37016471467
109 275 256299.64516471466
110 275 256302.54416471467
111 275 256306.27316471466
107 276 257231.32226713182
108 276 257230.5572671318
109 276 257233.68426713182
110 276 257234.9112671318
111 276 257239.7582671318
112 276 257242.7322671318
107 277 258164.966369549
108 277 258165.24136954898
109 277 258166.87436954898
110 277 258168.958369549
111 277 258172.273369549
112 277 258176.19836954898
107 278 259099.73047196612
108 278 259098.58047196612
109 278 259101.12747196612
110 278 259101.6114719661
111 278 259105.88147196613
112 278 259108.20247196613
113 278 259114.39047196612
108 279 260033.35457438327
109 279 260034.43957438326
110 279 260035.87857438327
111 279 260038.57557438326
112 279 260041.87557438327
113 279 260046.31457438326
108 280 260966.76867680042
109 280 260968.85867680042
110 280 260968.66867680041
111 280 260972.2346768004
112 280 260974.00267680042
113 280 260979.5886768004
109 281 261902.24277921754
110 281 261903.11577921754
111 281 261905.17577921756
112 281 261907.78977921754
113 281 261911.65277921755
109 282 262836.7918816347
110 282 262836.12688163464
111 282 262839.0788816347
112 282 262840.16288163466
113 282 262845.06588163465
110 283 263770.6609840519
111 283 263772.21098405187
112 283 263774.16798405186
113 283 263777.3939840519
110 284 264703.785086469
111 284 264706.295086469
112 284 264706.740086469
113 284 264710.916086469
114 284 264713.104086469
111 285 265639.5491888861
112 285 265640.90518888616
113 285 265643.58718888613
114 285 265646.7511888861
111 286 266573.8232913033
112 286 266573.7632913033
113 286 266577.2702913033
114 286 266578.9192913033
112 287 267508.1773937204
113 287 267510.26239372045
114 287 267512.73639372044
115 287 267516.55539372045
112 288 268441.23149613757
113 288 268444.27149613755
114 288 268445.2184961376
115 288 268449.9674961376
113 289 269377.3455985547
114 289 269379.26059855474
115 289 269382.47859855474
116 289 269386.2525985547
113 290 270311.60470097186
114 290 270312.0207009719
115 290 270316.0817009719
116 290 270318.31770097185
114 291 271246.283803389
115 291 271248.963803389
116 291 271252.027803389
117 291 271256.436803389
115 292 272182.8779058061
116 292 272184.4109058061
117 292 272189.8989058061
116 293 273118.3400082233
117 293 273122.2000082233
118 293 273126.5740082233
117 294 274055.6631106404
118 294 274058.58611064043
118 295 274992.1292130576
